 902320 1.41E+01 9 .0  0.0  0.0  0.0  1.000 0.0      4.083                     1
 902330 2.18E+01 2 .0  0.0  0.0  0.0  0.0   0.0      1.243                     2
 912330 2.70E+01 4 .0  0.0  0.0  0.0  0.0   0.0      0.570                     3
 922330 1.59E-01 8 .0  0.0  0.0  0.0  1.000 0.0      4.908                     4
 922340 2.45E-01 8 .0  0.0  0.0  0.0  1.000 0.0      4.858                     5
 922350 7.04E+02 8 .0  0.0  0.0  0.0  1.000 0.0      4.679                     6
 922360 2.34E+01 8 .0  0.0  0.0  0.0  1.000 0.0      4.572                     7
 922370 6.75E+00 4 .0  0.0  0.0  0.0  0.0   0.0      0.519                     8
 922380 4.47E+00 9 .0  0.0  0.0  0.0  1.000 0.0      4.274                     9
 922390 2.35E+01 2 .0  0.0  0.0  0.0  0.0   0.0      1.264                    10
 932370 2.14E+00 8 .0  0.0  0.0  0.0  1.000 0.0      4.958                    11
 932380 2.12E+00 4 .0  0.0  0.0  0.0  0.0   0.0      1.292                    12
 932390 2.36E+00 4 .0  0.0  0.0  0.0  0.0   0.0      0.723                    13
 932400 1.03E+00 3 .0  0.0  0.0  0.0  0.0   0.0      2.188                    14
 942380 8.77E+01 5 .0  0.0  0.0  0.0  1.000 1.86E-09 5.593                    15
 942390 2.41E+01 7 .0  0.0  0.0  0.0  1.000 0.0      5.244                    16
 942400 6.57E+03 5 .0  0.0  0.0  0.0  1.000 5.70E-08 5.256                    17
 942410 1.43E+01 5 .0  0.0  0.0  0.0  2.5-5 0.0      0.021                    18
 942420 3.75E-01 8 .0  0.0  0.0  0.0  1.000 5.55E-06 4.984                    19
 942430 4.96E+00 3 .0  0.0  0.0  0.0  0.0   0.0      0.579                    20
 952410 4.33E+02 5 .0  0.0  0.0  0.0  1.000 0.0      5.638                    21
 952421 1.41E+02 5 .0  0.0  0.0  1.0  0.0   0.0      0.049                    22
 952420 1.60E+01 3 .0  0.17 0.0  0.0  0.0   0.0      0.679                    23
 952430 7.37E+03 5 .0  0.0  0.0  0.0  1.000 3.70E-11 5.439                    24
 952440 1.01E+01 3 .0  0.0  0.0  0.0  0.0   0.0      1.428                    25
 962420 1.63E+02 4 .0  0.0  0.0  0.0  1.000 6.10E-08 6.216                    26
 962430 2.91E+01 5 .0  0.0  0.0  0.0  1.000 0.0      6.169                    27
 962440 1.81E+01 5 .0  0.0  0.0  0.0  1.000 1.38E-06 5.902                    28
