2    55  0.9830 0.0000136 0.03800   0.        5.
2    55  1.3560 0.0011100 0.04300   0.        5.
2    55  1.7440 0.0002400 0.03900   0.        5.
2    55  3.1400 0.0000113 0.03200   0.        5.
2    55  3.4240 0.0002870 0.03800   0.        5. 
2    55  3.8450 0.0000131 0.04300   0.        5.
2    55  5.1250 0.0003150 0.03900   0.        5.
2    55  6.5540 0.0009680 0.03700   0.        5.
2    55  7.0670 0.0000718 0.04000   0.        5.
2    55  7.8630 0.0013300 0.03900   0.        5.
2    55  8.3770 0.0000086 0.03900   0.        5.
2    55  8.7700 0.0001180 0.03700   0.        5.
2    55  9.3140 0.0001530 0.03900   0.        5.
2    55  10.314 0.0004500 0.04900   0.        5.
2    55  10.877 0.0000132 0.03900   0.        5.
2    55  11.278 0.0002850 0.04100   0.        5.
2    55  11.693 0.0001060 0.02600   0.        5.
2    55  12.122 0.0001740 0.03700   0.        5.
2    55  12.877 0.0024000 0.03600   0.        5.
2    55  13.152 0.0014000 0.04100   0.        5.
2    55  15.143 0.0000973 0.03900   0.        5.
2    55  15.404 0.0013300 0.04400   0.        5.
2    55  16.210 0.0005520 0.04800   0.        5.
2    55  16.583 0.0001950 0.03600   0.        5.
2    55  17.874 0.0002280 0.04200   0.        5.
2    55  18.158 0.0000597 0.03900   0.        5.
2    55  19.533 0.0002340 0.03900   0.        5.
2    55  19.915 0.0001030 0.03900   0.        5.
2    55  20.974 0.0004580 0.03900   0.        5.
2    55  21.115 0.0011000 0.03900   0.        5.
2    55  21.872 0.0001540 0.03900   0.        5.
2    55  22.011 0.0000516 0.03900   0.        5.
2    55  22.600 0.0005230 0.03900   0.        5.
2    55  22.739 0.0013400 0.03900   0.        5.
2    55  24.454 0.0009400 0.03900   0.        5.
2    55  25.415 0.0001610 0.03900   0.        5.
2    55  26.237 0.0000410 0.03900   0.        5.
2    55  26.750 0.0016600 0.03900   0.        5.
2    55  27.355 0.0005230 0.03900   0.        5.
2    55  28.735 0.0010900 0.03900   0.        5.
2    55  29.300 0.0007310 0.03900   0.        5.
2    55  30.130 0.0005490 0.03900   0.        5.
2    55  31.070 0.0008080 0.03900   0.        5.
2    55  31.490 0.0001740 0.03900   0.        5.
2    55  32.420 0.0001480 0.03900   0.        5.
2    55  33.200 0.0009800 0.03900   0.        5.
2    55  33.940 0.0018600 0.03900   0.        5.
2    55  34.990 0.0010100 0.03900   0.        5.
2    55  36.670 0.0008480 0.03900   0.        5.
2    55  37.030 0.0020100 0.03900   0.        5.
2    55  37.550 0.0000797 0.03900   0.        5.
2    55  37.930 0.0006160 0.03900   0.        5.
2    55  39.500 0.0006410 0.03900   0.        5.
2    55  40.500 0.0000955 0.03900   0.        5.
2    55  40.950 0.0003200 0.03900   0.        5.
2    55  41.260 0.0010900 0.03900   0.        5.
2    55  41.540 0.0025100 0.03900   0.        5.
2    55  42.950 0.0028200 0.03900   0.        5.
2    55  44.110 0.0004320 0.03900   0.        5.
2    55  45.350 0.0011400 0.03900   0.        5.
2    55  47.110 0.0003980 0.03900   0.        5.
2    55  48.550 0.0004600 0.03900   0.        5.
2    55  49.290 0.0007580 0.03900   0.        5.
2    55  50.200 0.0001060 0.03900   0.        5.
2    55  51.280 0.0010700 0.03900   0.        5.
2    55  52.170 0.0001080 0.03900   0.        5.
2    55  53.030 0.0021100 0.03900   0.        5.
2    55  53.600 0.0000952 0.03900   0.        5.
2    55  54.020 0.0006610 0.03900   0.        5.
2    55  54.550 0.0019200 0.03900   0.        5.
2    55  54.930 0.0001700 0.03900   0.        5.
2    55  55.870 0.0016400 0.03900   0.        5.
2    55  58.740 0.0004450 0.03900   0.        5.
2    55  59.130 0.0009000 0.03900   0.        5.
2    55  59.980 0.0007740 0.03900   0.        5.
2    55  60.760 0.0012100 0.03900   0.        5.
2    55  61.200 0.0028900 0.03900   0.        5.
2    55  62.510 0.0002690 0.03900   0.        5.
2    55  63.190 0.0003970 0.03900   0.        5.
2    55  64.820 0.0004030 0.03900   0.        5.
2    55  66.210 0.0013600 0.03900   0.        5.
2    55  67.360 0.0011000 0.03900   0.        5.
2    55  68.010 0.0012400 0.03900   0.        5.
2    55  68.670 0.0016000 0.03900   0.        5.
2    55  69.660 0.0039300 0.03900   0.        5.
2    55  70.270 0.0024200 0.03900   0.        5.
2    55  71.600 0.0002540 0.03900   0.        5.
2    55  72.220 0.0026300 0.03900   0.        5.
2    55  72.880 0.0030000 0.03900   0.        5.
2    55  73.930 0.0003610 0.03900   0.        5.
2    55  74.340 0.0003620 0.03900   0.        5.
2    55  74.880 0.0003120 0.03900   0.        5.
2    55  75.430 0.0031300 0.03900   0.        5.
2    55  76.500 0.0002100 0.03900   0.        5.
2    55  77.000 0.0005260 0.03900   0.        5.
2    55  77.540 0.0015000 0.03900   0.        5.
2    55  78.220 0.0003100 0.03900   0.        5.
2    55  80.500 0.0009420 0.03900   0.        5.
2    55  81.000 0.0023800 0.03900   0.        5.
2    55  81.100 0.0017100 0.03900   0.        5.
2    55  83.100 0.0010400 0.03900   0.        5.
2    55  83.520 0.0025100 0.03900   0.        5.
2    55  84.190 0.0022000 0.03900   0.        5.
2    55  85.560 0.0068100 0.03900   0.        5.
2    55  86.630 0.0015800 0.03900   0.        5.
2    55  88.360 0.0014500 0.03900   0.        5.
2    55  89.000 0.0012800 0.03900   0.        5.
2    55  90.430 0.0014300 0.03900   0.        5.
2    55  91.250 0.0011500 0.03900   0.        5.
2    55  94.720 0.0013600 0.03900   0.        5.
2    55  95.800 0.0003920 0.03900   0.        5.
2    55  97.530 0.0021700 0.03900   0.        5.
2    55  99.480 0.0009970 0.03900   0.        5.
2    55  101.12 0.0037200 0.03900   0.        5.
2    55  101.92 0.0025200 0.03900   0.        5.
2    55  104.06 0.0007240 0.03900   0.        5.
2    55  104.96 0.0019500 0.03900   0.        5.
2    55  107.17 0.0036800 0.03900   0.        5.
2    55  109.72 0.0012800 0.03900   0.        5.
2    55  111.63 0.0013900 0.03900   0.        5.
2    55  112.12 0.0010500 0.03900   0.        5.
2    55  112.70 0.0012200 0.03900   0.        5.
2    55  113.19 0.0104000 0.03900   0.        5.
2    55  114.24 0.0054200 0.03900   0.        5.
2    55  116.60 0.0073800 0.03900   0.        5.
2    55  119.74 0.0047300 0.03900   0.        5.
2    55  122.31 0.0070800 0.03900   0.        5.
2    55  123.37 0.0185000 0.03900   0.        5.
2    55  125.18 0.0079200 0.03900   0.        5.
2    55  126.40 0.0007310 0.03900   0.        5.
2    55  127.38 0.0023700 0.03900   0.        5.
2    55  130.30 0.0005480 0.03900   0.        5.
2    55  132.50 0.0008630 0.03900   0.        5.
2    55  133.50 0.0010200 0.03900   0.        5.
2    55  134.10 0.0014500 0.03900   0.        5.
2    55  134.70 0.0007540 0.03900   0.        5.
2    55  135.20 0.0007330 0.03900   0.        5.
2    55  139.40 0.0024400 0.03900   0.        5.
2    55  140.03 0.0069200 0.03900   0.        5.
2    55  141.20 0.0012600 0.03900   0.        5.
2    55  144.00 0.0038000 0.03900   0.        5.
2    55  144.47 0.0064500 0.03900   0.        5.
2    55  145.00 0.0036100 0.03900   0.        5.
2    55  146.09 0.0090000 0.03900   0.        5.
2    55  146.60 0.0040700 0.03900   0.        5.
2    55  148.38 0.0045100 0.03900   0.        5.
2    55  149.80 0.0007340 0.03900   0.        5.
2    55  151.10 0.0009830 0.03900   0.        5.
2    55  152.80 0.0020500 0.03900   0.        5.
2    55  154.00 0.0039100 0.03900   0.        5.
2    55  154.70 0.0041300 0.03900   0.        5.
2    55  158.64 0.0044700 0.03900   0.        5.
2    55  160.64 0.0151000 0.03900   0.        5.
2    55  163.90 0.0005380 0.03900   0.        5.
2    55  164.87 0.0049600 0.03900   0.        5.
2    55  166.10 0.0024500 0.03900   0.        5.
2    55  166.80 0.0022900 0.03900   0.        5.
2    55  168.01 0.0065200 0.03900   0.        5.
2    55  169.70 0.0012500 0.03900   0.        5.
2    55  171.70 0.0012600 0.03900   0.        5.
2    55  172.70 0.0074800 0.03900   0.        5.
2    55  173.60 0.0074400 0.03900   0.        5.
2    55  174.70 0.0039700 0.03900   0.        5.
2    55  175.80 0.0039900 0.03900   0.        5.
2    55  177.00 0.0086100 0.03900   0.        5.
2    55  180.00 0.0029500 0.03900   0.        5.
2    55  180.50 0.0019200 0.03900   0.        5.
2    55  181.50 0.0022000 0.03900   0.        5.
2    55  183.00 0.0018800 0.03900   0.        5.
2    55  184.05 0.0033400 0.03900   0.        5.
2    55  184.50 0.0046000 0.03900   0.        5.
2    55  186.20 0.0020500 0.03900   0.        5.
2    55  186.90 0.0047800 0.03900   0.        5.
2    55  188.00 0.0085700 0.03900   0.        5.
2    55  190.60 0.0029800 0.03900   0.        5.
2    55  191.60 0.0031800 0.03900   0.        5.
2    55  192.25 0.0046900 0.03900   0.        5.
2    55  193.35 0.0087700 0.03900   0.        5.
2    55  195.90 0.0001400 0.03900   0.        5.
2    55  196.20 0.0014100 0.03900   0.        5.
2    55  196.90 0.0023000 0.03900   0.        5.
2    55  197.60 0.0055800 0.03900   0.        5.
2    55  199.20 0.0012000 0.03900   0.        5.
2    55  199.85 0.0031100 0.03900   0.        5.
2    55  202.10 0.0003550 0.03900   0.        5.
2    55  203.70 0.0006850 0.03900   0.        5.
2    55  205.00 0.0033900 0.03900   0.        5.
2    55  206.60 0.0017700 0.03900   0.        5.
2    55  208.20 0.0037500 0.03900   0.        5.
2    55  209.60 0.0040700 0.03900   0.        5.
2    55  210.95 0.0056900 0.03900   0.        5.
2    55  211.50 0.0063600 0.03900   0.        5.
2    55  213.40 0.0018600 0.03900   0.        5.
2    55  214.50 0.0070600 0.03900   0.        5.
2    55  217.00 0.0028400 0.03900   0.        5.
2    55  220.30 0.0052800 0.03900   0.        5.
2    55  221.20 0.0027500 0.03900   0.        5.
2    55  222.00 0.0026200 0.03900   0.        5.
2    55  224.30 0.0024000 0.03900   0.        5.
2    55  225.30 0.0075800 0.03900   0.        5.
2    55  226.20 0.0029500 0.03900   0.        5.
2    55  227.30 0.0034700 0.03900   0.        5.
2    55  228.80 0.0011200 0.03900   0.        5.
2    55  231.80 0.0014500 0.03900   0.        5.
2    55  232.90 0.0087900 0.03900   0.        5.
2    55  234.10 0.0082300 0.03900   0.        5.
2    55  236.00 0.0017500 0.03900   0.        5.
2    55  237.50 0.0028500 0.03900   0.        5.
2    55  238.70 0.0017000 0.03900   0.        5.
2    55  239.50 0.0039300 0.03900   0.        5.
2    55  241.20 0.0017200 0.03900   0.        5.
2    55  242.80 0.0045500 0.03900   0.        5.
2    55  244.10 0.0014400 0.03900   0.        5.
2    55  244.60 0.0046100 0.03900   0.        5.
2    55  246.30 0.0018500 0.03900   0.        5.
2    55  247.10 0.0062200 0.03900   0.        5.
2    55  248.60 0.0128000 0.03900   0.        5.
2    55  249.70 0.0034800 0.03900   0.        5.

1    13  243.     1.       11.8237