2    55 0.5760   9.29E-05 4.73E-02 0.       5.
2    55 1.2760   3.22E-04 4.79E-02 0.       5.
2    55 1.9280   1.11E-04 4.46E-02 0.       5.
2    55 2.3720   7.17E-05 4.40E-02 0.       5.
2    55 2.5980   1.50E-04 4.76E-02 0.       5.
2    55 3.9730   2.10E-04 4.45E-02 0.       5.
2    55 4.9680   1.77E-04 4.38E-02 0.       5.
2    55 5.4150   7.66E-04 4.42E-02 0.       5.
2    55 5.8000   2.00E-06 4.42E-02 0.       5.
2    55 6.1170   1.24E-04 4.38E-02 0.       5.
2    55 6.7450   3.29E-05 4.42E-02 0.       5.
2    55 7.6590   4.56E-05 4.42E-02 0.       5.
2    55 8.1730   1.07E-04 4.27E-02 0.       5.
2    55 9.1130   3.77E-04 4.42E-02 0.       5.
2    55 9.8510   3.98E-04 4.39E-02 0.       5.
2    55 10.116   2.55E-05 4.42E-02 0.       5.
2    55 10.403   3.21E-05 4.24E-02 0.       5.
2    55 10.997   4.03E-04 4.65E-02 0.       5.
2    55 11.583   2.13E-05 4.42E-02 0.       5.
2    55 12.137   9.33E-06 4.42E-02 0.       5.
2    55 12.879   1.33E-04 4.42E-02 0.       5.
2    55 13.874   2.15E-05 4.42E-02 0.       5.
2    55 14.360   7.07E-05 4.42E-02 0.       5.
2    55 14.682   2.36E-03 4.03E-02 0.       5.
2    55 15.689   2.39E-04 3.93E-02 0.       5.
2    55 16.388   1.22E-03 4.18E-02 0.       5.
2    55 16.849   6.22E-04 4.12E-02 0.       5.
2    55 17.729   3.98E-04 3.73E-02 0.       5.
2    55 18.167   1.70E-05 4.42E-02 0.       5.
2    55 19.445   2.14E-04 4.42E-02 0.       5.
2    55 20.333   4.27E-05 4.42E-02 0.       5.
2    55 20.880   8.32E-05 4.42E-02 0.       5.
2    55 21.740   7.72E-05 4.42E-02 0.       5.
2    55 22.210   2.80E-05 4.42E-02 0.       5.
2    55 22.748   6.82E-05 4.42E-02 0.       5.
2    55 23.079   3.87E-04 4.22E-02 0.       5.
2    55 23.337   4.61E-04 4.25E-02 0.       5.
2    55 24.192   1.29E-03 3.92E-02 0.       5.
2    55 25.008   1.40E-05 4.42E-02 0.       5.
2    55 25.634   1.26E-03 3.76E-02 0.       5.
2    55 26.498   4.87E-04 4.42E-02 0.       5.
2    55 26.669   6.18E-04 4.42E-02 0.       5.
2    55 27.575   1.65E-04 4.46E-02 0.       5.
2    55 27.726   5.72E-04 4.42E-02 0.       5.
2    55 28.355   5.63E-04 4.47E-02 0.       5.
2    55 28.903   4.82E-04 4.86E-02 0.       5.
2    55 29.504   6.92E-04 4.46E-02 0.       5.
2    55 29.956   8.10E-05 4.42E-02 0.       5.
2    55 30.822   2.33E-04 4.42E-02 0.       5.
2    55 31.020   3.36E-04 4.42E-02 0.       5.
2    55 31.251   1.19E-03 4.26E-02 0.       5.
2    55 32.030   2.99E-04 4.78E-02 0.       5.
2    55 33.510   6.00E-05 4.42E-02 0.       5.
2    55 34.028   6.39E-04 4.54E-02 0.       5.
2    55 34.460   1.26E-04 4.42E-02 0.       5.
2    55 34.928   6.11E-04 4.28E-02 0.       5.
2    55 35.485   4.36E-04 4.42E-02 0.       5.
2    55 36.250   1.67E-04 4.42E-02 0.       5.
2    55 36.483   1.00E-04 4.42E-02 0.       5.
2    55 36.979   3.12E-03 4.42E-02 0.       5.
2    55 38.366   2.32E-03 4.42E-02 0.       5.
2    55 38.830   5.50E-05 4.42E-02 0.       5.
2    55 39.617   1.31E-03 4.02E-02 0.       5.
2    55 40.067   4.88E-04 4.42E-02 0.       5.
2    55 40.396   1.02E-03 4.42E-02 0.       5.
2    55 41.298   9.05E-05 4.42E-02 0.       5.
2    55 41.791   3.85E-04 4.42E-02 0.       5.
2    55 42.130   1.50E-04 4.42E-02 0.       5.
2    55 43.294   8.05E-04 4.42E-02 0.       5.
2    55 43.574   5.82E-04 4.42E-02 0.       5.
2    55 44.416   1.33E-04 4.42E-02 0.       5.
2    55 44.921   8.18E-05 4.42E-02 0.       5.
2    55 46.073   6.78E-04 4.38E-02 0.       5.
2    55 46.566   3.93E-04 4.42E-02 0.       5.
2    55 47.535   1.08E-03 4.16E-02 0.       5.
2    55 48.765   7.34E-04 4.00E-02 0.       5.
2    55 49.332   2.40E-04 4.42E-02 0.       5.
2    55 50.278   2.44E-03 4.42E-02 0.       5.
2    55 50.847   3.93E-04 4.42E-02 0.       5.
2    55 51.984   1.39E-03 4.42E-02 0.       5.
2    55 53.014   1.65E-04 4.42E-02 0.       5.
2    55 53.493   1.84E-04 4.42E-02 0.       5.
2    55 54.407   7.30E-05 4.42E-02 0.       5.
2    55 54.990   1.44E-03 4.43E-02 0.       5.
2    55 55.595   2.13E-04 4.42E-02 0.       5.
2    55 55.945   1.43E-03 4.42E-02 0.       5.
2    55 56.158   9.49E-04 4.42E-02 0.       5.
2    55 57.372   4.15E-03 4.42E-02 0.       5.
2    55 59.066   5.89E-04 4.42E-02 0.       5.
2    55 60.045   2.85E-04 4.42E-02 0.       5.
2    55 60.381   1.40E-04 4.42E-02 0.       5.
2    55 61.258   1.67E-03 4.42E-02 0.       5.
2    55 61.613   4.34E-04 4.42E-02 0.       5.
2    55 62.549   2.22E-04 4.42E-02 0.       5.
2    55 63.507   1.99E-04 4.42E-02 0.       5.
2    55 64.039   4.04E-03 4.42E-02 0.       5.
2    55 64.539   1.95E-03 4.42E-02 0.       5.
2    55 65.164   5.19E-03 4.42E-02 0.       5.
2    55 65.733   1.09E-03 4.42E-02 0.       5.
2    55 66.314   1.04E-03 4.42E-02 0.       5.
2    55 66.874   2.11E-03 4.42E-02 0.       5.
2    55 68.525   4.31E-04 4.42E-02 0.       5.
2    55 69.585   1.12E-03 4.42E-02 0.       5.
2    55 69.824   2.66E-03 4.42E-02 0.       5.
2    55 71.253   5.83E-04 4.42E-02 0.       5.
2    55 71.463   1.11E-03 4.42E-02 0.       5.
2    55 71.841   1.03E-03 4.42E-02 0.       5.
2    55 72.276   2.26E-04 4.42E-02 0.       5.
2    55 74.969   4.81E-04 4.42E-02 0.       5.
2    55 75.715   3.78E-04 4.42E-02 0.       5.
2    55 75.943   5.15E-04 4.42E-02 0.       5.
2    55 76.779   1.09E-04 4.42E-02 0.       5.
2    55 78.191   1.49E-03 1.03E-02 0.       5.
2    55 78.551   1.18E-03 6.08E-02 0.       5.
2    55 79.555   7.30E-04 4.42E-02 0.       5.
2    55 80.050   5.46E-04 4.42E-02 0.       5.
2    55 80.393   5.88E-04 4.42E-02 0.       5.
2    55 81.077   1.06E-04 4.42E-02 0.       5.
2    55 81.458   1.04E-04 4.42E-02 0.       5.
2    55 82.089   1.45E-03 2.67E-02 0.       5.
2    55 82.900   4.39E-04 4.42E-02 0.       5.
2    55 83.370   4.31E-04 4.42E-02 0.       5.
2    55 84.006   1.46E-03 3.81E-02 0.       5.
2    55 84.685   2.14E-03 4.42E-02 0.       5.
2    55 86.610   2.25E-04 4.42E-02 0.       5.
2    55 87.481   1.26E-04 4.42E-02 0.       5.
2    55 87.984   3.92E-03 7.07E-02 0.       5.
2    55 89.297   3.32E-04 4.42E-02 0.       5.
2    55 89.602   2.36E-03 8.67E-02 0.       5.
2    55 93.412   6.30E-03 5.37E-02 0.       5.
2    55 94.610   7.54E-04 4.42E-02 0.       5.
2    55 95.285   3.60E-04 4.42E-02 0.       5.
2    55 95.686   2.86E-03 4.42E-02 0.       5.
2    55 96.100   2.91E-03 4.42E-02 0.       5.
2    55 96.460   2.83E-03 4.42E-02 0.       5.
2    55 97.423   2.77E-04 4.42E-02 0.       5.
2    55 98.356   2.65E-04 4.42E-02 0.       5.
2    55 100.16   1.08E-03 4.42E-02 0.       5.
2    55 101.60   2.83E-03 5.11E-02 0.       5.
2    55 102.56   2.48E-04 4.42E-02 0.       5.
2    55 103.20   6.98E-03 4.02E-02 0.       5.
2    55 104.79   2.20E-03 4.02E-02 0.       5.
2    55 106.15   6.82E-03 4.42E-02 0.       5.
2    55 106.40   3.35E-03 4.42E-02 0.       5.
2    55 107.62   1.93E-03 4.42E-02 0.       5.
2    55 109.82   3.26E-03 4.42E-02 0.       5.
2    55 110.09   3.34E-03 4.42E-02 0.       5.
2    55 111.17   3.74E-04 4.42E-02 0.       5.
2    55 111.63   5.20E-03 9.43E-02 0.       5.
2    55 112.75   4.14E-04 4.42E-02 0.       5.
2    55 113.28   3.00E-04 4.42E-02 0.       5.
2    55 113.91   1.74E-03 7.76E-02 0.       5.
2    55 115.08   1.80E-03 7.93E-02 0.       5.
2    55 115.78   7.01E-04 4.42E-02 0.       5.
2    55 116.40   2.62E-03 4.20E-02 0.       5.
2    55 117.66   3.00E-05 4.42E-02 0.       5.
2    55 118.52   8.06E-04 4.42E-02 0.       5.
2    55 119.82   2.24E-03 4.42E-02 0.       5.
2    55 120.13   1.93E-03 4.42E-02 0.       5.
2    55 121.98   3.22E-03 3.69E-02 0.       5.
2    55 122.66   3.89E-03 6.42E-02 0.       5.
2    55 123.28   3.53E-03 5.63E-02 0.       5.
2    55 124.95   1.64E-03 4.42E-02 0.       5.
2    55 125.82   1.04E-03 4.42E-02 0.       5.
2    55 126.44   2.04E-03 4.42E-02 0.       5.
2    55 127.42   2.50E-04 4.42E-02 0.       5.
2    55 127.99   1.69E-03 4.42E-02 0.       5.
2    55 129.68   2.25E-04 4.42E-02 0.       5.
2    55 130.72   1.36E-03 4.42E-02 0.       5.
2    55 131.32   3.12E-03 5.60E-02 0.       5.
2    55 132.18   8.75E-04 4.42E-02 0.       5.
2    55 132.75   1.18E-03 4.42E-02 0.       5.
2    55 133.66   1.78E-03 5.21E-02 0.       5.
2    55 134.87   8.02E-03 4.42E-02 0.       5.
2    55 135.45   4.13E-03 4.42E-02 0.       5.
2    55 136.44   5.76E-03 4.57E-02 0.       5.
2    55 137.10   1.29E-03 4.42E-02 0.       5.
2    55 137.61   1.63E-03 4.42E-02 0.       5.
2    55 138.77   3.89E-03 4.06E-02 0.       5.
2    55 139.96   1.25E-03 4.42E-02 0.       5.
2    55 140.50   2.44E-03 4.42E-02 0.       5.
2    55 141.31   4.23E-03 4.42E-02 0.       5.
2    55 141.52   3.26E-03 4.42E-02 0.       5.
2    55 143.04   3.31E-04 4.42E-02 0.       5.
2    55 144.87   1.42E-03 4.42E-02 0.       5.
2    55 145.44   3.50E-04 4.42E-02 0.       5.
2    55 146.44   1.74E-03 4.42E-02 0.       5.
2    55 148.03   1.23E-02 4.42E-02 0.       5.
2    55 149.14   3.93E-03 4.42E-02 0.       5.

1    13  241.    1.        11.0329
