2    55 0.4900   4.70E-05 0.040500 0.       5.
2    55 1.3200   3.23E-05 0.040270 0.       5.
2    55 1.4800   1.84E-04 0.040490 0.       5.
2    55 1.9700   1.41E-05 0.039540 0.       5.
2    55 3.0500   1.71E-09 0.040800 0.       5.
2    55 3.8600   2.12E-04 0.039670 0.       5.
2    55 4.2600   3.26E-05 0.040400 0.       5.
2    55 4.8610   4.18E-05 0.040000 0.       5.
2    55 5.7800   5.28E-04 0.041860 0.       5.
2    55 6.3800   7.89E-05 0.039590 0.       5.
2    55 6.6800   1.32E-05 0.040080 0.       5.
2    55 7.1880   8.88E-06 0.040000 0.       5.
2    55 7.4210   1.22E-04 0.038360 0.       5.
2    55 7.6810   2.16E-06 0.040000 0.       5.
2    55 8.3050   9.02E-05 0.037590 0.       5.
2    55 8.9760   1.02E-04 0.036990 0.       5.
2    55 9.2970   6.02E-04 0.041440 0.       5.
2    55 10.231   2.83E-05 0.040000 0.       5.
2    55 10.681   4.32E-04 0.040000 0.       5.
2    55 10.843   6.89E-04 0.040000 0.       5.
2    55 11.095   1.01E-03 0.043780 0.       5.
2    55 12.201   4.87E-05 0.040000 0.       5.
2    55 12.616   9.11E-04 0.040160 0.       5.
2    55 13.135   1.66E-05 0.040000 0.       5.
2    55 14.387   2.40E-06 0.040000 0.       5.
2    55 15.787   6.93E-05 0.040000 0.       5.
2    55 15.938   3.82E-05 0.040000 0.       5.
2    55 16.086   1.05E-03 0.040000 0.       5.
2    55 16.857   2.99E-04 0.037780 0.       5.
2    55 17.592   1.56E-04 0.039110 0.       5.
2    55 17.898   1.82E-05 0.040000 0.       5.
2    55 17.942   3.09E-06 0.040000 0.       5.
2    55 18.890   4.75E-05 0.040000 0.       5.
2    55 19.126   8.78E-05 0.040000 0.       5.
2    55 19.925   6.99E-05 0.040000 0.       5.
2    55 20.398   1.37E-03 0.039390 0.       5.
2    55 21.096   4.46E-04 0.040000 0.       5.
2    55 21.319   2.83E-05 0.040000 0.       5.
2    55 22.015   1.50E-03 0.039490 0.       5.
2    55 22.864   3.80E-04 0.038530 0.       5.
2    55 23.675   1.42E-03 0.037950 0.       5.
2    55 23.981   1.91E-04 0.040000 0.       5.
2    55 24.780   2.64E-05 0.040000 0.       5.
2    55 24.982   3.67E-03 0.040000 0.       5.
2    55 26.190   1.99E-04 0.040000 0.       5.
2    55 26.560   2.34E-03 0.040730 0.       5.
2    55 27.090   3.77E-05 0.040000 0.       5.
2    55 28.463   9.38E-05 0.040000 0.       5.
2    55 28.613   3.07E-05 0.040000 0.       5.
2    55 28.933   1.37E-04 0.040000 0.       5.
2    55 29.480   8.42E-05 0.040000 0.       5.
2    55 30.417   3.15E-03 0.038150 0.       5.
2    55 30.742   3.71E-04 0.040000 0.       5.
2    55 31.303   2.45E-04 0.040000 0.       5.
2    55 31.657   4.34E-05 0.040000 0.       5.
2    55 32.482   1.06E-05 0.040000 0.       5.
2    55 33.421   3.95E-04 0.040000 0.       5.
2    55 33.904   4.87E-04 0.040000 0.       5.
2    55 34.076   3.53E-05 0.040000 0.       5.
2    55 34.685   1.70E-04 0.040000 0.       5.
2    55 35.203   4.09E-04 0.040000 0.       5.
2    55 36.385   1.26E-04 0.040000 0.       5.
2    55 36.818   8.74E-05 0.040000 0.       5.
2    55 37.155   1.14E-03 0.037370 0.       5.
2    55 37.830   4.22E-05 0.040000 0.       5.
2    55 38.054   2.08E-04 0.040000 0.       5.
2    55 38.194   1.19E-03 0.040000 0.       5.
2    55 38.915   8.16E-04 0.040000 0.       5.
2    55 39.012   4.10E-04 0.040000 0.       5.
2    55 39.245   5.29E-04 0.040000 0.       5.
2    55 39.800   8.83E-05 0.040000 0.       5.
2    55 39.932   4.50E-04 0.040000 0.       5.
2    55 41.358   1.95E-03 0.038910 0.       5.
2    55 42.385   8.40E-05 0.040000 0.       5.
2    55 42.836   8.33E-05 0.040000 0.       5.
2    55 43.195   3.73E-06 0.040585 0.       5.
2    55 43.647   3.39E-04 0.040000 0.       5.
2    55 44.277   2.62E-05 0.040000 0.       5.
2    55 44.921   1.20E-05 0.040000 0.       5.
2    55 45.712   5.11E-04 0.040000 0.       5.
2    55 46.031   5.70E-04 0.040000 0.       5.
2    55 46.359   2.63E-03 0.045330 0.       5.
2    55 47.328   2.86E-03 0.038220 0.       5.
2    55 48.440   1.04E-04 0.040000 0.       5.
2    55 48.775   3.49E-04 0.040000 0.       5.
2    55 48.895   1.72E-04 0.040000 0.       5.
2    55 49.270   7.20E-06 0.040000 0.       5.
2    55 49.820   4.17E-03 0.036520 0.       5.
2    55 50.338   2.10E-03 0.031332 0.       5.
2    55 50.400   7.40E-03 0.046790 0.       5.
2    55 51.710   1.12E-04 0.040000 0.       5.
2    55 52.210   4.01E-04 0.040000 0.       5.
2    55 52.650   8.80E-04 0.040000 0.       5.
2    55 53.050   5.85E-05 0.040000 0.       5.
2    55 53.890   4.90E-04 0.040000 0.       5.
2    55 54.280   1.57E-04 0.040000 0.       5.
2    55 55.040   2.59E-04 0.040000 0.       5.
2    55 56.010   1.21E-03 0.040000 0.       5.
2    55 56.160   7.18E-04 0.040000 0.       5.
2    55 56.570   3.60E-05 0.040000 0.       5.
2    55 56.860   1.25E-05 0.040000 0.       5.
2    55 57.403   6.05E-06 0.055999 0.       5.
2    55 58.390   3.72E-04 0.040000 0.       5.
2    55 58.630   2.45E-04 0.040000 0.       5.
2    55 59.510   2.34E-03 0.040000 0.       5.
2    55 60.060   2.27E-03 0.040000 0.       5.
2    55 60.970   1.56E-03 0.040000 0.       5.
2    55 61.370   1.49E-05 0.040000 0.       5.
2    55 61.625   1.22E-04 0.040191 0.       5.
2    55 61.660   4.52E-04 0.040000 0.       5.
2    55 62.370   3.82E-04 0.040000 0.       5.
2    55 62.510   1.42E-03 0.040000 0.       5.
2    55 62.920   1.49E-03 0.040000 0.       5.
2    55 63.450   8.28E-05 0.040000 0.       5.
2    55 63.960   2.47E-04 0.040000 0.       5.
2    55 64.970   8.55E-04 0.040000 0.       5.
2    55 65.710   3.79E-03 0.047360 0.       5.
2    55 66.360   2.76E-05 0.040000 0.       5.
2    55 66.800   1.74E-05 0.040800 0.       5.
2    55 67.490   4.87E-03 0.042760 0.       5.
2    55 67.980   2.82E-03 0.040000 0.       5.
2    55 68.780   3.08E-04 0.040000 0.       5.
2    55 69.280   1.30E-05 0.040000 0.       5.
2    55 70.260   1.66E-03 0.040000 0.       5.
2    55 70.690   6.24E-04 0.040000 0.       5.
2    55 71.220   1.82E-03 0.040000 0.       5.
2    55 71.450   2.41E-03 0.040000 0.       5.
2    55 71.550   5.84E-04 0.040000 0.       5.
2    55 72.300   4.98E-06 0.040800 0.       5.
2    55 72.970   1.01E-05 0.040000 0.       5.
2    55 73.880   2.76E-04 0.040000 0.       5.
2    55 74.300   1.69E-03 0.040000 0.       5.
2    55 74.590   4.55E-04 0.040000 0.       5.
2    55 75.150   1.46E-04 0.040000 0.       5.
2    55 75.650   9.94E-06 0.040000 0.       5.
2    55 76.220   2.91E-05 0.040000 0.       5.
2    55 76.580   1.75E-04 0.040000 0.       5.
2    55 77.010   2.81E-04 0.040000 0.       5.
2    55 77.570   3.29E-05 0.040000 0.       5.
2    55 77.830   1.67E-05 0.040800 0.       5.
2    55 78.330   1.47E-03 0.040000 0.       5.
2    55 78.470   6.93E-04 0.040000 0.       5.
2    55 79.280   2.93E-03 0.040000 0.       5.
2    55 79.901   9.72E-06 0.040800 0.       5.
2    55 80.400   2.14E-04 0.040000 0.       5.
2    55 80.650   4.28E-04 0.040000 0.       5.
2    55 81.630   4.78E-04 0.040000 0.       5.
2    55 82.120   6.88E-04 0.040000 0.       5.
2    55 82.400   6.31E-05 0.040000 0.       5.
2    55 83.410   3.27E-03 0.040000 0.       5.
2    55 83.690   3.15E-03 0.040000 0.       5.
2    55 83.820   2.51E-03 0.040000 0.       5.
2    55 85.220   9.33E-04 0.040000 0.       5.
2    55 86.120   1.02E-03 0.040000 0.       5.
2    55 86.540   4.79E-03 0.040000 0.       5.
2    55 87.600   1.63E-03 0.040000 0.       5.
2    55 87.750   1.84E-03 0.040000 0.       5.
2    55 88.180   9.22E-04 0.040000 0.       5.
2    55 88.950   1.60E-03 0.040000 0.       5.
2    55 89.470   3.57E-03 0.040000 0.       5.
2    55 89.943   6.82E-05 0.040795 0.       5.
2    55 90.890   4.29E-03 0.040000 0.       5.
2    55 91.015   3.62E-04 0.040761 0.       5.
2    55 91.360   1.87E-04 0.040000 0.       5.
2    55 91.990   4.82E-04 0.040000 0.       5.
2    55 92.810   1.60E-04 0.040000 0.       5.
2    55 93.410   2.18E-03 0.040000 0.       5.
2    55 94.270   3.09E-04 0.040000 0.       5.
2    55 94.520   9.82E-05 0.040000 0.       5.
2    55 95.090   7.17E-05 0.040000 0.       5.
2    55 95.430   4.24E-04 0.040000 0.       5.
2    55 96.460   7.61E-05 0.040000 0.       5.
2    55 96.680   4.67E-04 0.040000 0.       5.
2    55 97.394   1.75E-05 0.040799 0.       5.
2    55 97.770   3.97E-03 0.040000 0.       5.
2    55 98.510   2.60E-03 0.040000 0.       5.
2    55 99.000   9.79E-05 0.040000 0.       5.
2    55 99.540   1.59E-03 0.040000 0.       5.
2    55 100.23   4.33E-03 0.040000 0.       5.
2    55 101.08   6.22E-03 0.040000 0.       5.
2    55 101.67   1.68E-03 0.040000 0.       5.
2    55 102.02   2.09E-03 0.040000 0.       5.
2    55 103.38   1.60E-05 0.040800 0.       5.
2    55 103.79   1.12E-03 0.040000 0.       5.
2    55 103.99   4.14E-04 0.040000 0.       5.
2    55 104.62   4.83E-04 0.040000 0.       5.
2    55 105.24   1.74E-03 0.040000 0.       5.
2    55 105.77   3.93E-03 0.040000 0.       5.
2    55 106.75   3.10E-05 0.040000 0.       5.
2    55 107.11   6.68E-04 0.040000 0.       5.
2    55 108.28   3.56E-05 0.037009 0.       5.
2    55 108.85   1.07E-03 0.040000 0.       5.
2    55 109.18   2.61E-03 0.040000 0.       5.
2    55 109.69   2.43E-05 0.040000 0.       5.
2    55 110.36   9.80E-04 0.040000 0.       5.
2    55 110.64   1.42E-03 0.040000 0.       5.
2    55 111.03   2.53E-03 0.040000 0.       5.
2    55 111.78   2.84E-03 0.040000 0.       5.
2    55 112.31   4.37E-04 0.040000 0.       5.
2    55 112.63   2.23E-05 0.040000 0.       5.
2    55 113.06   1.82E-04 0.040000 0.       5.
2    55 113.44   1.78E-03 0.040000 0.       5.
2    55 113.79   3.06E-03 0.040000 0.       5.
2    55 114.08   4.90E-05 0.040000 0.       5.
2    55 114.78   2.62E-03 0.040000 0.       5.
2    55 115.53   5.99E-04 0.040000 0.       5.
2    55 115.85   2.38E-03 0.040000 0.       5.
2    55 116.82   3.53E-04 0.040000 0.       5.
2    55 117.68   2.50E-03 0.040000 0.       5.
2    55 119.13   1.41E-03 0.040000 0.       5.
2    55 119.53   6.35E-04 0.040000 0.       5.
2    55 120.14   3.43E-04 0.040000 0.       5.
2    55 121.56   1.21E-04 0.040000 0.       5.
2    55 122.04   2.91E-04 0.040000 0.       5.
2    55 122.43   4.44E-05 0.040000 0.       5.
2    55 123.52   6.69E-05 0.040000 0.       5.
2    55 123.83   2.78E-04 0.040000 0.       5.
2    55 124.46   7.93E-05 0.039893 0.       5.
2    55 125.08   9.41E-04 0.040000 0.       5.
2    55 125.71   1.90E-03 0.040000 0.       5.
2    55 125.99   9.94E-04 0.040000 0.       5.
2    55 126.32   1.24E-03 0.040000 0.       5.
2    55 127.03   1.88E-04 0.040000 0.       5.
2    55 127.37   7.27E-04 0.040000 0.       5.
2    55 127.71   2.51E-04 0.040000 0.       5.
2    55 128.70   5.03E-05 0.040000 0.       5.
2    55 129.40   6.13E-04 0.040000 0.       5.
2    55 129.67   5.79E-04 0.040000 0.       5.
2    55 130.58   2.52E-05 0.040797 0.       5.
2    55 131.47   7.38E-04 0.040000 0.       5.
2    55 131.92   8.67E-04 0.040000 0.       5.
2    55 132.40   2.01E-05 0.040799 0.       5.
2    55 132.75   1.22E-04 0.040000 0.       5.
2    55 133.21   1.36E-04 0.040803 0.       5.
2    55 133.56   4.62E-03 0.040000 0.       5.
2    55 134.20   2.18E-04 0.040000 0.       5.
2    55 134.78   4.30E-05 0.040000 0.       5.
2    55 135.48   1.47E-04 0.040000 0.       5.
2    55 135.88   6.26E-05 0.040801 0.       5.
2    55 136.38   5.33E-05 0.040000 0.       5.
2    55 137.07   1.73E-04 0.040000 0.       5.
2    55 137.50   2.74E-03 0.040000 0.       5.
2    55 137.61   1.20E-03 0.040939 0.       5.
2    55 137.95   9.37E-04 0.040000 0.       5.
2    55 138.51   2.34E-03 0.040000 0.       5.
2    55 138.99   3.05E-03 0.040000 0.       5.
2    55 139.42   4.02E-04 0.040000 0.       5.
2    55 139.94   4.30E-04 0.040000 0.       5.
2    55 140.43   5.10E-04 0.040000 0.       5.
2    55 141.24   1.78E-03 0.040000 0.       5.
2    55 141.60   3.64E-04 0.040000 0.       5.
2    55 142.27   5.29E-04 0.040000 0.       5.
2    55 143.44   4.85E-05 0.040000 0.       5.
2    55 144.37   3.74E-03 0.040000 0.       5.
2    55 144.66   4.90E-04 0.040000 0.       5.
2    55 145.60   7.83E-04 0.040000 0.       5.
2    55 146.59   1.48E-03 0.040000 0.       5.
2    55 146.89   3.67E-04 0.040000 0.       5.
2    55 147.33   1.57E-03 0.040000 0.       5.
2    55 148.58   9.33E-04 0.040000 0.       5.
2    55 149.66   1.42E-03 0.040000 0.       5.
2    55 150.00   1.73E-03 0.040000 0.       5.
2    55 150.49   4.04E-03 0.040000 0.       5.
2    55 150.82   9.22E-04 0.040000 0.       5.
2    55 151.97   4.38E-04 0.040000 0.       5.
2    55 152.32   2.17E-03 0.040000 0.       5.
2    55 154.20   1.75E-03 0.040000 0.       5.
2    55 154.43   7.74E-04 0.040000 0.       5.
2    55 155.41   9.90E-04 0.040000 0.       5.
2    55 156.43   1.53E-03 0.040000 0.       5.
2    55 156.84   7.77E-04 0.040000 0.       5.
2    55 158.07   1.24E-03 0.040000 0.       5.
2    55 158.46   3.40E-03 0.040000 0.       5.
2    55 159.60   7.54E-05 0.040000 0.       5.
2    55 160.21   4.21E-05 0.040801 0.       5.
2    55 160.70   4.59E-03 0.068300 0.       5.
2    55 161.30   2.01E-04 0.040800 0.       5.
2    55 161.90   8.74E-04 0.040000 0.       5.
2    55 163.00   3.39E-03 0.042200 0.       5.
2    55 164.09   5.26E-04 0.040796 0.       5.
2    55 164.34   2.02E-03 0.040000 0.       5.
2    55 165.24   4.71E-04 0.040000 0.       5.
2    55 166.83   2.64E-03 0.040000 0.       5.
2    55 166.96   2.10E-03 0.040000 0.       5.
2    55 168.67   4.18E-04 0.040000 0.       5.
2    55 169.05   4.19E-03 0.040000 0.       5.
2    55 169.94   1.23E-03 0.040000 0.       5.
2    55 170.31   5.82E-04 0.040000 0.       5.
2    55 171.05   4.71E-03 0.040000 0.       5.
2    55 171.55   1.07E-04 0.040799 0.       5.
2    55 172.29   1.31E-03 0.040000 0.       5.
2    55 173.00   1.58E-03 0.040000 0.       5.
2    55 173.34   8.79E-04 0.040000 0.       5.
2    55 173.70   1.24E-04 0.040801 0.       5.
2    55 174.85   1.03E-03 0.040000 0.       5.
2    55 175.31   3.62E-03 0.040000 0.       5.
2    55 176.28   3.87E-03 0.040000 0.       5.
2    55 176.93   5.23E-03 0.040000 0.       5.
2    55 177.24   5.24E-04 0.040000 0.       5.
2    55 180.17   5.68E-03 0.040000 0.       5.
2    55 181.06   3.28E-03 0.040000 0.       5.
2    55 181.55   5.32E-04 0.040000 0.       5.
2    55 182.47   2.11E-03 0.040000 0.       5.
2    55 182.82   3.79E-04 0.040800 0.       5.
2    55 183.36   2.56E-03 0.040000 0.       5.
2    55 184.15   6.96E-03 0.040000 0.       5.
2    55 184.56   3.58E-04 0.040800 0.       5.
2    55 185.67   4.70E-04 0.040000 0.       5.
2    55 185.92   3.24E-04 0.040799 0.       5.
2    55 186.29   1.05E-03 0.040000 0.       5.
2    55 188.04   1.39E-02 0.040000 0.       5.
2    55 189.18   7.27E-03 0.040000 0.       5.
2    55 190.66   3.61E-03 0.040000 0.       5.
2    55 190.90   2.39E-03 0.040000 0.       5.
2    55 191.74   1.02E-03 0.040000 0.       5.
2    55 193.63   3.87E-03 0.040000 0.       5.
2    55 194.56   1.13E-03 0.040000 0.       5.
2    55 195.13   3.26E-04 0.040000 0.       5.
2    55 195.79   3.31E-03 0.040000 0.       5.
2    55 196.62   8.28E-03 0.040000 0.       5.
2    55 196.79   4.51E-03 0.040000 0.       5.
2    55 197.95   2.52E-04 0.040000 0.       5.
2    55 198.67   6.81E-04 0.040000 0.       5.
2    55 199.87   1.35E-03 0.040000 0.       5.
2    55 200.27   6.02E-04 0.040000 0.       5.
2    55 200.93   1.94E-03 0.040000 0.       5.
2    55 202.43   2.66E-04 0.040000 0.       5.
2    55 203.08   6.52E-04 0.040000 0.       5.
2    55 203.76   4.58E-04 0.040000 0.       5.
2    55 204.35   3.07E-03 0.040000 0.       5.
2    55 204.85   1.64E-04 0.040800 0.       5.
2    55 205.73   1.97E-03 0.040000 0.       5.
2    55 206.71   8.00E-03 0.040000 0.       5.
2    55 207.03   8.55E-04 0.040801 0.       5.
2    55 207.97   4.62E-03 0.040000 0.       5.
2    55 208.67   2.49E-04 0.040000 0.       5.
2    55 208.86   2.01E-04 0.040799 0.       5.
2    55 210.27   5.17E-03 0.040000 0.       5.
2    55 210.56   4.74E-03 0.040000 0.       5.
2    55 213.03   2.57E-03 0.040000 0.       5.
2    55 213.62   8.07E-04 0.040000 0.       5.
2    55 214.58   1.70E-03 0.040000 0.       5.
2    55 214.90   4.93E-04 0.040000 0.       5.
2    55 216.75   6.73E-03 0.040000 0.       5.
2    55 217.24   1.24E-02 0.040000 0.       5.
2    55 217.65   2.20E-04 0.040776 0.       5.
2    55 218.61   2.74E-03 0.040000 0.       5.
2    55 219.42   8.00E-04 0.040000 0.       5.
2    55 220.30   2.29E-03 0.040000 0.       5.
2    55 221.52   2.72E-04 0.040000 0.       5.
2    55 222.05   3.80E-03 0.040000 0.       5.
2    55 222.64   1.20E-03 0.040000 0.       5.
2    55 223.65   2.59E-04 0.040000 0.       5.
2    55 224.34   5.31E-03 0.040000 0.       5.
2    55 225.53   3.34E-04 0.040000 0.       5.
2    55 226.40   6.37E-03 0.040000 0.       5.
2    55 226.63   7.70E-03 0.040000 0.       5.
2    55 227.62   3.38E-04 0.040000 0.       5.
2    55 228.21   1.89E-03 0.040000 0.       5.
2    55 228.95   3.35E-03 0.040000 0.       5.
2    55 229.30   3.27E-03 0.040000 0.       5.
2    55 230.17   3.26E-03 0.040000 0.       5.
2    55 231.70   1.37E-02 0.040000 0.       5.
2    55 231.93   4.24E-03 0.040000 0.       5.
2    55 232.98   4.10E-03 0.040000 0.       5.
2    55 233.71   4.40E-04 0.040799 0.       5.
2    55 234.09   4.01E-03 0.040000 0.       5.
2    55 234.79   5.28E-04 0.040000 0.       5.
2    55 235.39   3.61E-03 0.040000 0.       5.
2    55 235.75   1.28E-03 0.040788 0.       5.
2    55 236.15   8.36E-04 0.040000 0.       5.
2    55 237.28   4.98E-03 0.040000 0.       5.
2    55 238.03   1.18E-03 0.040000 0.       5.
2    55 238.29   7.28E-03 0.040000 0.       5.
2    55 239.41   4.12E-03 0.040000 0.       5.
2    55 239.86   2.59E-03 0.040000 0.       5.
2    55 240.63   7.48E-04 0.040000 0.       5.
2    55 241.33   1.17E-04 0.040000 0.       5.
2    55 242.53   1.78E-03 0.040000 0.       5.
2    55 243.44   8.31E-04 0.040000 0.       5.
2    55 244.49   1.11E-03 0.040000 0.       5.
2    55 245.29   6.87E-04 0.040000 0.       5.
2    55 246.23   2.77E-03 0.040000 0.       5.
2    55 246.85   7.48E-04 0.040000 0.       5.
2    55 247.40   7.68E-04 0.040000 0.       5.
2    55 248.13   5.37E-04 0.040000 0.       5.
2    55 249.13   1.67E-03 0.040000 0.       5.
2    55 249.55   5.70E-03 0.040000 0.       5.
2    55 251.02   2.52E-03 0.040000 0.       5.
2    55 252.01   8.02E-03 0.040000 0.       5.
2    55 253.02   4.59E-03 0.040000 0.       5.
2    55 253.51   1.29E-03 0.040000 0.       5.
2    55 254.75   3.67E-03 0.040000 0.       5.
2    55 256.45   2.66E-03 0.040000 0.       5.
2    55 257.15   2.76E-03 0.040000 0.       5.
2    55 257.51   4.44E-03 0.040000 0.       5.
2    55 258.04   6.78E-04 0.040000 0.       5.
2    55 259.13   9.11E-03 0.040000 0.       5.
2    55 259.90   4.68E-03 0.040000 0.       5.
2    55 260.89   9.30E-04 0.040000 0.       5.
2    55 261.49   1.07E-03 0.040000 0.       5.
2    55 263.85   4.05E-03 0.040000 0.       5.
2    55 264.39   2.25E-03 0.040000 0.       5.
2    55 264.64   8.96E-04 0.040000 0.       5.
2    55 265.10   1.53E-04 0.345740 0.       5.
2    55 266.65   3.57E-04 0.040000 0.       5.
2    55 267.30   3.52E-04 0.027290 0.       5.
2    55 267.82   1.91E-03 0.040000 0.       5.
2    55 268.41   1.17E-03 0.040000 0.       5.
2    55 269.44   2.57E-04 0.040000 0.       5.
2    55 270.35   2.21E-03 0.040000 0.       5.
2    55 270.88   1.67E-02 0.040000 0.       5.
2    55 272.12   1.97E-03 0.040000 0.       5.
2    55 272.97   2.99E-03 0.040000 0.       5.
2    55 273.42   1.88E-03 0.040000 0.       5.
2    55 274.38   2.42E-03 0.040000 0.       5.
2    55 275.32   1.05E-03 0.040000 0.       5.
2    55 275.85   1.45E-03 0.040000 0.       5.
2    55 277.15   5.05E-03 0.040000 0.       5.
2    55 277.57   6.71E-03 0.040000 0.       5.
2    55 278.00   6.87E-04 0.036435 0.       5.
2    55 278.50   4.33E-04 0.040000 0.       5.
2    55 280.14   2.29E-03 0.040000 0.       5.
2    55 280.90   1.11E-02 0.040000 0.       5.
2    55 281.68   6.31E-04 0.041853 0.       5.
2    55 282.17   3.91E-03 0.040000 0.       5.
2    55 283.08   5.50E-03 0.040000 0.       5.
2    55 283.86   1.47E-03 0.040000 0.       5.
2    55 284.77   6.38E-04 0.047667 0.       5.
2    55 285.13   6.44E-04 0.040000 0.       5.
2    55 286.45   4.35E-04 0.037431 0.       5.
2    55 286.97   3.20E-03 0.040000 0.       5.
2    55 287.29   6.47E-04 0.040000 0.       5.
2    55 288.54   1.19E-03 0.040000 0.       5.
2    55 290.20   7.47E-04 0.028501 0.       5.
2    55 290.58   7.15E-03 0.040000 0.       5.
2    55 291.96   3.49E-03 0.040000 0.       5.
2    55 293.41   3.79E-03 0.040000 0.       5.
2    55 293.99   2.96E-04 0.040800 0.       5.
2    55 295.10   1.30E-03 0.040000 0.       5.
2    55 296.44   1.25E-03 0.040000 0.       5.
2    55 297.19   1.37E-02 0.040000 0.       5.
2    55 298.14   7.86E-03 0.040000 0.       5.
2    55 299.34   1.02E-02 0.040000 0.       5.
2    55 300.66   8.97E-03 0.040000 0.       5.
2    55 301.16   3.61E-03 0.040000 0.       5.
2    55 302.10   3.83E-03 0.040000 0.       5.
2    55 302.99   1.74E-04 0.040800 0.       5.
2    55 303.50   2.35E-04 0.040800 0.       5.
2    55 304.21   1.41E-03 0.040000 0.       5.
2    55 306.42   6.09E-03 0.040000 0.       5.
2    55 306.70   1.36E-02 0.040000 0.       5.
2    55 307.41   5.73E-03 0.040000 0.       5.
2    55 308.40   2.57E-04 0.040800 0.       5.
2    55 308.70   2.96E-04 0.040000 0.       5.
2    55 309.22   7.43E-04 0.040000 0.       5.
2    55 309.41   8.60E-04 0.040000 0.       5.
2    55 310.73   9.48E-04 0.040000 0.       5.
2    55 311.39   1.16E-02 0.040000 0.       5.
2    55 312.10   2.56E-03 0.040000 0.       5.
2    55 312.58   8.14E-03 0.040000 0.       5.
2    55 313.30   6.22E-03 0.040000 0.       5.
2    55 314.29   3.44E-04 0.040800 0.       5.
2    55 314.88   5.39E-03 0.040000 0.       5.
2    55 316.49   4.96E-03 0.040000 0.       5.
2    55 318.54   5.02E-03 0.040000 0.       5.
2    55 319.44   3.69E-04 0.040000 0.       5.
2    55 321.43   3.45E-03 0.040000 0.       5.
2    55 321.84   6.80E-03 0.040000 0.       5.
2    55 322.15   2.82E-03 0.040825 0.       5.
2    55 322.55   3.67E-03 0.040000 0.       5.
2    55 323.13   7.16E-03 0.040000 0.       5.
2    55 323.90   6.82E-04 0.040000 0.       5.
2    55 325.09   3.06E-04 0.040801 0.       5.
2    55 325.77   2.64E-06 0.040000 0.       5.
2    55 326.40   4.40E-03 0.040000 0.       5.
2    55 326.99   3.57E-03 0.040000 0.       5.
2    55 327.68   1.43E-03 0.040000 0.       5.
2    55 330.07   7.25E-03 0.040000 0.       5.
2    55 331.02   9.89E-04 0.040000 0.       5.
2    55 331.90   8.32E-04 0.040803 0.       5.
2    55 332.44   3.67E-03 0.040000 0.       5.
2    55 333.42   2.54E-03 0.040795 0.       5.
2    55 333.59   3.99E-03 0.040000 0.       5.
2    55 335.41   5.49E-03 0.040000 0.       5.
2    55 336.45   6.21E-04 0.040000 0.       5.
2    55 336.96   2.31E-03 0.040000 0.       5.
2    55 338.76   1.95E-03 0.040000 0.       5.
2    55 339.63   7.85E-04 0.040000 0.       5.
2    55 340.35   1.77E-03 0.040000 0.       5.
2    55 341.19   3.66E-04 0.040000 0.       5.
2    55 342.50   5.17E-04 0.040799 0.       5.
2    55 342.76   6.39E-04 0.040800 0.       5.
2    55 342.95   1.10E-03 0.040000 0.       5.
2    55 343.46   4.52E-03 0.040000 0.       5.
2    55 344.12   1.85E-04 0.040800 0.       5.
2    55 345.00   3.28E-04 0.040798 0.       5.
2    55 346.21   6.59E-03 0.040000 0.       5.
2    55 347.08   2.03E-03 0.040000 0.       5.
2    55 348.31   1.16E-03 0.040798 0.       5.

1    13  237.     1.       13.8544
