2    55  13.620  0.00182  0.03700   0.       5.
2    55  30.330  0.00310  0.03700   0.       5.
2    55  37.490  0.00440  0.03700   0.       5.
2    55  60.100  0.02360  0.03700   0.       5.
2    55  89.300  0.01250  0.03700   0.       5.
2    55  103.40  0.00540  0.03700   0.       5.
2    55  130.30  0.00360  0.03700   0.       5.
2    55  148.70  0.02400  0.03700   0.       5.
2    55  154.60  0.01150  0.03700   0.       5.
2    55  235.20  0.05100  0.03700   0.       5.
2    55  245.30  0.07100  0.03700   0.       5.
2    55  265.00  0.06800  0.03700   0.       5.

1    13  242.     1.      10.2
