2    55  7.670  0.010400  0.03700   0.        5.
2    55  16.79  0.001900  0.03700   0.        5.
2    55  22.85  0.000840  0.03700   0.        5.
2    55  34.99  0.004500  0.03700   0.        5.
2    55  52.78  0.000560  0.03700   0.        5.
2    55  67.99  0.000670  0.03700   0.        5.
2    55  85.96  0.024500  0.03700   0.        5.
2    55  96.12  0.007300  0.03700   0.        5.
2    55  132.8  0.015500  0.03700   0.        5.
2    55  139.1  0.002500  0.03700   0.        5.
2    55  171.2  0.003300  0.03700   0.        5.
2    55  181.6  0.010000  0.03700   0.        5.
2    55  197.0  0.043000  0.03700   0.        5.
2    55  209.8  0.042000  0.03700   0.        5.
2    55  220.1  0.054000  0.03700   0.        5.
2    55  230.5  0.030000  0.03700   0.        5.
2    55  234.9  0.003800  0.03700   0.        5.
2    55  242.7  0.001300  0.03700   0.        5.
2    55  264.9  0.010000  0.03700   0.        5.
2    55  274.1  0.016000  0.03700   0.        5.
2    55  316.8  0.005500  0.03700   0.        5.
2    55  329.5  0.006600  0.03700   0.        5.
2    55  343.6  0.026000  0.03700   0.        5.
2    55  353.1  0.101000  0.03700   0.        5.
2    55  361.7  0.034000  0.03700   0.        5.
2    55  364.4  0.010000  0.03700   0.        5.
2    55  386.2  0.026000  0.03700   0.        5.
2    55  397.6  0.023000  0.03700   0.        5.
2    55  415.0  0.019000  0.03700   0.        5.
2    55  420.6  0.092999  0.03700   0.        5.
2    55  426.9  0.013000  0.03700   0.        5.
2    55  443.4  0.086000  0.03700   0.        5.
2    55  470.9  0.167000  0.03700   0.        5.
2    55  488.9  0.015000  0.03700   0.        5.
2    55  491.9  0.054000  0.03700   0.        5.
2    55  512.4  0.200000  0.03700   0.        5.
2    55  520.5  0.026000  0.03700   0.        5.
2    55  596.4  0.017000  0.03700   0.        5.
2    55  612.4  0.030000  0.03700   0.        5.
2    55  620.0  0.027000  0.03700   0.        5.
2    55  627.8  0.007000  0.03700   0.        5.
2    55  637.9  0.010000  0.03700   0.        5.
2    55  646.9  0.200000  0.03700   0.        5.
2    55  652.4  0.081000  0.03700   0.        5.
2    55  691.3  0.013000  0.03700   0.        5.
2    55  695.3  0.016000  0.03700   0.        5.
2    55  704.5  0.063999  0.03700   0.        5.
2    55  712.8  0.020000  0.03700   0.        5.
2    55  731.6  0.060000  0.03700   0.        5.
2    55  746.0  0.004000  0.03700   0.        5.
2    55  759.7  0.200000  0.03700   0.        5.
2    55  778.6  0.072000  0.03700   0.        5.
2    55  790.1  0.004000  0.03700   0.        5.
2    55  797.5  0.002000  0.03700   0.        5.
2    55  802.5  0.007000  0.03700   0.        5.
2    55  815.8  0.011000  0.03700   0.        5.
2    55  823.0  0.028000  0.03700   0.        5.
2    55  846.3  0.006000  0.03700   0.        5.
2    55  857.9  0.033000  0.03700   0.        5.
2    55  865.6  0.015000  0.03700   0.        5.
2    55  872.0  0.023000  0.03700   0.        5.
2    55  884.9  0.062000  0.03700   0.        5.
2    55  899.7  0.128000  0.03700   0.        5.
2    55  914.0  0.200000  0.03700   0.        5.
2    55  926.3  0.019000  0.03700   0.        5.
2    55  946.9  0.034000  0.03700   0.        5.
2    55  971.5  0.200000  0.03700   0.        5.

1    13  244.    1.       15.7632
