  4  7 22
  6   67.205  4   27.837  4   21.360  4   18.007  4   15.866  4  100.184
  4  253.830  4   55.000  4   55.000  4   55.000  4   55.000  4   55.000
  4   55.000  4   55.000  4   55.000  4   55.000  4   55.000  4   55.000
  4   55.000  4   55.000  4   55.000  4   55.000  4   55.000  4   55.000
  4   55.000  4   55.000  4   55.000  4  286.170
  5  6 22
  101  101  101  101  101  101
    1   21   41   61   81  101
    2   22   42   62   82  101
    3   23   43   63   83  101
    4   24   44   64   84  101
    5   25   45   65   85  101
    6   26   46   66   86  101
    7   27   47   67   87  101
    8   28   48   68   88  101
    9   29   49   69   89  101
   10   30   50   70   90  101
   11   31   51   71   91  101
   12   32   52   72   92  101
   13   33   53   73   93  101
   14   34   54   74   94  101
   15   35   55   75   95  101
   16   36   56   76   96  101
   17   37   57   77   97  101
   18   38   58   78   98  101
   19   39   59   79   99  101
   20   40   60   80  100  101
  101  101  101  101  101  101
  0 23  4 85
    6   22    4   80    4
   67.205  6   27.837  4   21.360  4   18.007  4   15.866  4  100.184  4
 253.830  41  55.000  40  55.000  40  55.000  40  55.000  40  55.000  40
  55.000  40  55.000  40  55.000  40  55.000  40  55.000  40  55.000  40
  55.000  40  55.000  40  55.000  40  55.000  40  55.000  40  55.000  40
  55.000  40  55.000  40  55.000  40 286.170  41
 0.00000E+00 0.15027E+03 0.11000E+04 1760
     1     1 0.32515E+05     2     1 0.32515E+05     3     1 0.32515E+05
     4     1 0.32515E+05     5     2 0.32515E+05     6     2 0.32515E+05
     7     2 0.32515E+05     8     2 0.32515E+05     9     3 0.32515E+05
    10     3 0.32515E+05    11     3 0.32515E+05    12     3 0.32515E+05
    13     4 0.32515E+05    14     4 0.32515E+05    15     4 0.32515E+05
    16     4 0.32515E+05    17     5 0.32515E+05    18     5 0.32515E+05
    19     5 0.32515E+05    20     5 0.32515E+05    21     6 0.32515E+05
    22     6 0.32515E+05    23     6 0.32515E+05    24     6 0.32515E+05
    25     7 0.32515E+05    26     7 0.32515E+05    27     7 0.32515E+05
    28     7 0.32515E+05    29     8 0.32515E+05    30     8 0.32515E+05
    31     8 0.32515E+05    32     8 0.32515E+05    33     9 0.32515E+05
    34     9 0.32515E+05    35     9 0.32515E+05    36     9 0.32515E+05
    37    10 0.32515E+05    38    10 0.32515E+05    39    10 0.32515E+05
    40    10 0.32515E+05    41    11 0.32515E+05    42    11 0.32515E+05
    43    11 0.32515E+05    44    11 0.32515E+05    45    12 0.32515E+05
    46    12 0.32515E+05    47    12 0.32515E+05    48    12 0.32515E+05
    49    13 0.32515E+05    50    13 0.32515E+05    51    13 0.32515E+05
    52    13 0.32515E+05    53    14 0.32515E+05    54    14 0.32515E+05
    55    14 0.32515E+05    56    14 0.32515E+05    57    15 0.32515E+05
    58    15 0.32515E+05    59    15 0.32515E+05    60    15 0.32515E+05
    61    16 0.32515E+05    62    16 0.32515E+05    63    16 0.32515E+05
    64    16 0.32515E+05    65    17 0.32515E+05    66    17 0.32515E+05
    67    17 0.32515E+05    68    17 0.32515E+05    69    18 0.32515E+05
    70    18 0.32515E+05    71    18 0.32515E+05    72    18 0.32515E+05
    73    19 0.32515E+05    74    19 0.32515E+05    75    19 0.32515E+05
    76    19 0.32515E+05    77    20 0.32515E+05    78    20 0.32515E+05
    79    20 0.32515E+05    80    20 0.32515E+05    81     1 0.32515E+05
    82     1 0.32515E+05    83     1 0.32515E+05    84     1 0.32515E+05
    85     2 0.32515E+05    86     2 0.32515E+05    87     2 0.32515E+05
    88     2 0.32515E+05    89     3 0.32515E+05    90     3 0.32515E+05
    91     3 0.32515E+05    92     3 0.32515E+05    93     4 0.32515E+05
    94     4 0.32515E+05    95     4 0.32515E+05    96     4 0.32515E+05
    97     5 0.32515E+05    98     5 0.32515E+05    99     5 0.32515E+05
   100     5 0.32515E+05   101     6 0.32515E+05   102     6 0.32515E+05
   103     6 0.32515E+05   104     6 0.32515E+05   105     7 0.32515E+05
   106     7 0.32515E+05   107     7 0.32515E+05   108     7 0.32515E+05
   109     8 0.32515E+05   110     8 0.32515E+05   111     8 0.32515E+05
   112     8 0.32515E+05   113     9 0.32515E+05   114     9 0.32515E+05
   115     9 0.32515E+05   116     9 0.32515E+05   117    10 0.32515E+05
   118    10 0.32515E+05   119    10 0.32515E+05   120    10 0.32515E+05
   121    11 0.32515E+05   122    11 0.32515E+05   123    11 0.32515E+05
   124    11 0.32515E+05   125    12 0.32515E+05   126    12 0.32515E+05
   127    12 0.32515E+05   128    12 0.32515E+05   129    13 0.32515E+05
   130    13 0.32515E+05   131    13 0.32515E+05   132    13 0.32515E+05
   133    14 0.32515E+05   134    14 0.32515E+05   135    14 0.32515E+05
   136    14 0.32515E+05   137    15 0.32515E+05   138    15 0.32515E+05
   139    15 0.32515E+05   140    15 0.32515E+05   141    16 0.32515E+05
   142    16 0.32515E+05   143    16 0.32515E+05   144    16 0.32515E+05
   145    17 0.32515E+05   146    17 0.32515E+05   147    17 0.32515E+05
   148    17 0.32515E+05   149    18 0.32515E+05   150    18 0.32515E+05
   151    18 0.32515E+05   152    18 0.32515E+05   153    19 0.32515E+05
   154    19 0.32515E+05   155    19 0.32515E+05   156    19 0.32515E+05
   157    20 0.32515E+05   158    20 0.32515E+05   159    20 0.32515E+05
   160    20 0.32515E+05   161     1 0.32515E+05   162     1 0.32515E+05
   163     1 0.32515E+05   164     1 0.32515E+05   165     2 0.32515E+05
   166     2 0.32515E+05   167     2 0.32515E+05   168     2 0.32515E+05
   169     3 0.32515E+05   170     3 0.32515E+05   171     3 0.32515E+05
   172     3 0.32515E+05   173     4 0.32515E+05   174     4 0.32515E+05
   175     4 0.32515E+05   176     4 0.32515E+05   177     5 0.32515E+05
   178     5 0.32515E+05   179     5 0.32515E+05   180     5 0.32515E+05
   181     6 0.32515E+05   182     6 0.32515E+05   183     6 0.32515E+05
   184     6 0.32515E+05   185     7 0.32515E+05   186     7 0.32515E+05
   187     7 0.32515E+05   188     7 0.32515E+05   189     8 0.32515E+05
   190     8 0.32515E+05   191     8 0.32515E+05   192     8 0.32515E+05
   193     9 0.32515E+05   194     9 0.32515E+05   195     9 0.32515E+05
   196     9 0.32515E+05   197    10 0.32515E+05   198    10 0.32515E+05
   199    10 0.32515E+05   200    10 0.32515E+05   201    11 0.32515E+05
   202    11 0.32515E+05   203    11 0.32515E+05   204    11 0.32515E+05
   205    12 0.32515E+05   206    12 0.32515E+05   207    12 0.32515E+05
   208    12 0.32515E+05   209    13 0.32515E+05   210    13 0.32515E+05
   211    13 0.32515E+05   212    13 0.32515E+05   213    14 0.32515E+05
   214    14 0.32515E+05   215    14 0.32515E+05   216    14 0.32515E+05
   217    15 0.32515E+05   218    15 0.32515E+05   219    15 0.32515E+05
   220    15 0.32515E+05   221    16 0.32515E+05   222    16 0.32515E+05
   223    16 0.32515E+05   224    16 0.32515E+05   225    17 0.32515E+05
   226    17 0.32515E+05   227    17 0.32515E+05   228    17 0.32515E+05
   229    18 0.32515E+05   230    18 0.32515E+05   231    18 0.32515E+05
   232    18 0.32515E+05   233    19 0.32515E+05   234    19 0.32515E+05
   235    19 0.32515E+05   236    19 0.32515E+05   237    20 0.32515E+05
   238    20 0.32515E+05   239    20 0.32515E+05   240    20 0.32515E+05
   241     1 0.32515E+05   242     1 0.32515E+05   243     1 0.32515E+05
   244     1 0.32515E+05   245     2 0.32515E+05   246     2 0.32515E+05
   247     2 0.32515E+05   248     2 0.32515E+05   249     3 0.32515E+05
   250     3 0.32515E+05   251     3 0.32515E+05   252     3 0.32515E+05
   253     4 0.32515E+05   254     4 0.32515E+05   255     4 0.32515E+05
   256     4 0.32515E+05   257     5 0.32515E+05   258     5 0.32515E+05
   259     5 0.32515E+05   260     5 0.32515E+05   261     6 0.32515E+05
   262     6 0.32515E+05   263     6 0.32515E+05   264     6 0.32515E+05
   265     7 0.32515E+05   266     7 0.32515E+05   267     7 0.32515E+05
   268     7 0.32515E+05   269     8 0.32515E+05   270     8 0.32515E+05
   271     8 0.32515E+05   272     8 0.32515E+05   273     9 0.32515E+05
   274     9 0.32515E+05   275     9 0.32515E+05   276     9 0.32515E+05
   277    10 0.32515E+05   278    10 0.32515E+05   279    10 0.32515E+05
   280    10 0.32515E+05   281    11 0.32515E+05   282    11 0.32515E+05
   283    11 0.32515E+05   284    11 0.32515E+05   285    12 0.32515E+05
   286    12 0.32515E+05   287    12 0.32515E+05   288    12 0.32515E+05
   289    13 0.32515E+05   290    13 0.32515E+05   291    13 0.32515E+05
   292    13 0.32515E+05   293    14 0.32515E+05   294    14 0.32515E+05
   295    14 0.32515E+05   296    14 0.32515E+05   297    15 0.32515E+05
   298    15 0.32515E+05   299    15 0.32515E+05   300    15 0.32515E+05
   301    16 0.32515E+05   302    16 0.32515E+05   303    16 0.32515E+05
   304    16 0.32515E+05   305    17 0.32515E+05   306    17 0.32515E+05
   307    17 0.32515E+05   308    17 0.32515E+05   309    18 0.32515E+05
   310    18 0.32515E+05   311    18 0.32515E+05   312    18 0.32515E+05
   313    19 0.32515E+05   314    19 0.32515E+05   315    19 0.32515E+05
   316    19 0.32515E+05   317    20 0.32515E+05   318    20 0.32515E+05
   319    20 0.32515E+05   320    20 0.32515E+05   321     1 0.32515E+05
   322     1 0.32515E+05   323     1 0.32515E+05   324     1 0.32515E+05
   325     2 0.32515E+05   326     2 0.32515E+05   327     2 0.32515E+05
   328     2 0.32515E+05   329     3 0.32515E+05   330     3 0.32515E+05
   331     3 0.32515E+05   332     3 0.32515E+05   333     4 0.32515E+05
   334     4 0.32515E+05   335     4 0.32515E+05   336     4 0.32515E+05
   337     5 0.32515E+05   338     5 0.32515E+05   339     5 0.32515E+05
   340     5 0.32515E+05   341     6 0.32515E+05   342     6 0.32515E+05
   343     6 0.32515E+05   344     6 0.32515E+05   345     7 0.32515E+05
   346     7 0.32515E+05   347     7 0.32515E+05   348     7 0.32515E+05
   349     8 0.32515E+05   350     8 0.32515E+05   351     8 0.32515E+05
   352     8 0.32515E+05   353     9 0.32515E+05   354     9 0.32515E+05
   355     9 0.32515E+05   356     9 0.32515E+05   357    10 0.32515E+05
   358    10 0.32515E+05   359    10 0.32515E+05   360    10 0.32515E+05
   361    11 0.32515E+05   362    11 0.32515E+05   363    11 0.32515E+05
   364    11 0.32515E+05   365    12 0.32515E+05   366    12 0.32515E+05
   367    12 0.32515E+05   368    12 0.32515E+05   369    13 0.32515E+05
   370    13 0.32515E+05   371    13 0.32515E+05   372    13 0.32515E+05
   373    14 0.32515E+05   374    14 0.32515E+05   375    14 0.32515E+05
   376    14 0.32515E+05   377    15 0.32515E+05   378    15 0.32515E+05
   379    15 0.32515E+05   380    15 0.32515E+05   381    16 0.32515E+05
   382    16 0.32515E+05   383    16 0.32515E+05   384    16 0.32515E+05
   385    17 0.32515E+05   386    17 0.32515E+05   387    17 0.32515E+05
   388    17 0.32515E+05   389    18 0.32515E+05   390    18 0.32515E+05
   391    18 0.32515E+05   392    18 0.32515E+05   393    19 0.32515E+05
   394    19 0.32515E+05   395    19 0.32515E+05   396    19 0.32515E+05
   397    20 0.32515E+05   398    20 0.32515E+05   399    20 0.32515E+05
   400    20 0.32515E+05   401     1 0.32515E+05   402     1 0.32515E+05
   403     1 0.32515E+05   404     1 0.32515E+05   405     2 0.32515E+05
   406     2 0.32515E+05   407     2 0.32515E+05   408     2 0.32515E+05
   409     3 0.32515E+05   410     3 0.32515E+05   411     3 0.32515E+05
   412     3 0.32515E+05   413     4 0.32515E+05   414     4 0.32515E+05
   415     4 0.32515E+05   416     4 0.32515E+05   417     5 0.32515E+05
   418     5 0.32515E+05   419     5 0.32515E+05   420     5 0.32515E+05
   421     6 0.32515E+05   422     6 0.32515E+05   423     6 0.32515E+05
   424     6 0.32515E+05   425     7 0.32515E+05   426     7 0.32515E+05
   427     7 0.32515E+05   428     7 0.32515E+05   429     8 0.32515E+05
   430     8 0.32515E+05   431     8 0.32515E+05   432     8 0.32515E+05
   433     9 0.32515E+05   434     9 0.32515E+05   435     9 0.32515E+05
   436     9 0.32515E+05   437    10 0.32515E+05   438    10 0.32515E+05
   439    10 0.32515E+05   440    10 0.32515E+05   441    11 0.32515E+05
   442    11 0.32515E+05   443    11 0.32515E+05   444    11 0.32515E+05
   445    12 0.32515E+05   446    12 0.32515E+05   447    12 0.32515E+05
   448    12 0.32515E+05   449    13 0.32515E+05   450    13 0.32515E+05
   451    13 0.32515E+05   452    13 0.32515E+05   453    14 0.32515E+05
   454    14 0.32515E+05   455    14 0.32515E+05   456    14 0.32515E+05
   457    15 0.32515E+05   458    15 0.32515E+05   459    15 0.32515E+05
   460    15 0.32515E+05   461    16 0.32515E+05   462    16 0.32515E+05
   463    16 0.32515E+05   464    16 0.32515E+05   465    17 0.32515E+05
   466    17 0.32515E+05   467    17 0.32515E+05   468    17 0.32515E+05
   469    18 0.32515E+05   470    18 0.32515E+05   471    18 0.32515E+05
   472    18 0.32515E+05   473    19 0.32515E+05   474    19 0.32515E+05
   475    19 0.32515E+05   476    19 0.32515E+05   477    20 0.32515E+05
   478    20 0.32515E+05   479    20 0.32515E+05   480    20 0.32515E+05
   481    21 0.48770E+05   482    21 0.48770E+05   483    21 0.48770E+05
   484    21 0.48770E+05   485    22 0.48770E+05   486    22 0.48770E+05
   487    22 0.48770E+05   488    22 0.48770E+05   489    23 0.48770E+05
   490    23 0.48770E+05   491    23 0.48770E+05   492    23 0.48770E+05
   493    24 0.48770E+05   494    24 0.48770E+05   495    24 0.48770E+05
   496    24 0.48770E+05   497    25 0.48770E+05   498    25 0.48770E+05
   499    25 0.48770E+05   500    25 0.48770E+05   501    26 0.48770E+05
   502    26 0.48770E+05   503    26 0.48770E+05   504    26 0.48770E+05
   505    27 0.48770E+05   506    27 0.48770E+05   507    27 0.48770E+05
   508    27 0.48770E+05   509    28 0.48770E+05   510    28 0.48770E+05
   511    28 0.48770E+05   512    28 0.48770E+05   513    29 0.48770E+05
   514    29 0.48770E+05   515    29 0.48770E+05   516    29 0.48770E+05
   517    30 0.48770E+05   518    30 0.48770E+05   519    30 0.48770E+05
   520    30 0.48770E+05   521    31 0.48770E+05   522    31 0.48770E+05
   523    31 0.48770E+05   524    31 0.48770E+05   525    32 0.48770E+05
   526    32 0.48770E+05   527    32 0.48770E+05   528    32 0.48770E+05
   529    33 0.48770E+05   530    33 0.48770E+05   531    33 0.48770E+05
   532    33 0.48770E+05   533    34 0.48770E+05   534    34 0.48770E+05
   535    34 0.48770E+05   536    34 0.48770E+05   537    35 0.48770E+05
   538    35 0.48770E+05   539    35 0.48770E+05   540    35 0.48770E+05
   541    36 0.48770E+05   542    36 0.48770E+05   543    36 0.48770E+05
   544    36 0.48770E+05   545    37 0.48770E+05   546    37 0.48770E+05
   547    37 0.48770E+05   548    37 0.48770E+05   549    38 0.48770E+05
   550    38 0.48770E+05   551    38 0.48770E+05   552    38 0.48770E+05
   553    39 0.48770E+05   554    39 0.48770E+05   555    39 0.48770E+05
   556    39 0.48770E+05   557    40 0.48770E+05   558    40 0.48770E+05
   559    40 0.48770E+05   560    40 0.48770E+05   561    21 0.48770E+05
   562    21 0.48770E+05   563    21 0.48770E+05   564    21 0.48770E+05
   565    22 0.48770E+05   566    22 0.48770E+05   567    22 0.48770E+05
   568    22 0.48770E+05   569    23 0.48770E+05   570    23 0.48770E+05
   571    23 0.48770E+05   572    23 0.48770E+05   573    24 0.48770E+05
   574    24 0.48770E+05   575    24 0.48770E+05   576    24 0.48770E+05
   577    25 0.48770E+05   578    25 0.48770E+05   579    25 0.48770E+05
   580    25 0.48770E+05   581    26 0.48770E+05   582    26 0.48770E+05
   583    26 0.48770E+05   584    26 0.48770E+05   585    27 0.48770E+05
   586    27 0.48770E+05   587    27 0.48770E+05   588    27 0.48770E+05
   589    28 0.48770E+05   590    28 0.48770E+05   591    28 0.48770E+05
   592    28 0.48770E+05   593    29 0.48770E+05   594    29 0.48770E+05
   595    29 0.48770E+05   596    29 0.48770E+05   597    30 0.48770E+05
   598    30 0.48770E+05   599    30 0.48770E+05   600    30 0.48770E+05
   601    31 0.48770E+05   602    31 0.48770E+05   603    31 0.48770E+05
   604    31 0.48770E+05   605    32 0.48770E+05   606    32 0.48770E+05
   607    32 0.48770E+05   608    32 0.48770E+05   609    33 0.48770E+05
   610    33 0.48770E+05   611    33 0.48770E+05   612    33 0.48770E+05
   613    34 0.48770E+05   614    34 0.48770E+05   615    34 0.48770E+05
   616    34 0.48770E+05   617    35 0.48770E+05   618    35 0.48770E+05
   619    35 0.48770E+05   620    35 0.48770E+05   621    36 0.48770E+05
   622    36 0.48770E+05   623    36 0.48770E+05   624    36 0.48770E+05
   625    37 0.48770E+05   626    37 0.48770E+05   627    37 0.48770E+05
   628    37 0.48770E+05   629    38 0.48770E+05   630    38 0.48770E+05
   631    38 0.48770E+05   632    38 0.48770E+05   633    39 0.48770E+05
   634    39 0.48770E+05   635    39 0.48770E+05   636    39 0.48770E+05
   637    40 0.48770E+05   638    40 0.48770E+05   639    40 0.48770E+05
   640    40 0.48770E+05   641    21 0.48770E+05   642    21 0.48770E+05
   643    21 0.48770E+05   644    21 0.48770E+05   645    22 0.48770E+05
   646    22 0.48770E+05   647    22 0.48770E+05   648    22 0.48770E+05
   649    23 0.48770E+05   650    23 0.48770E+05   651    23 0.48770E+05
   652    23 0.48770E+05   653    24 0.48770E+05   654    24 0.48770E+05
   655    24 0.48770E+05   656    24 0.48770E+05   657    25 0.48770E+05
   658    25 0.48770E+05   659    25 0.48770E+05   660    25 0.48770E+05
   661    26 0.48770E+05   662    26 0.48770E+05   663    26 0.48770E+05
   664    26 0.48770E+05   665    27 0.48770E+05   666    27 0.48770E+05
   667    27 0.48770E+05   668    27 0.48770E+05   669    28 0.48770E+05
   670    28 0.48770E+05   671    28 0.48770E+05   672    28 0.48770E+05
   673    29 0.48770E+05   674    29 0.48770E+05   675    29 0.48770E+05
   676    29 0.48770E+05   677    30 0.48770E+05   678    30 0.48770E+05
   679    30 0.48770E+05   680    30 0.48770E+05   681    31 0.48770E+05
   682    31 0.48770E+05   683    31 0.48770E+05   684    31 0.48770E+05
   685    32 0.48770E+05   686    32 0.48770E+05   687    32 0.48770E+05
   688    32 0.48770E+05   689    33 0.48770E+05   690    33 0.48770E+05
   691    33 0.48770E+05   692    33 0.48770E+05   693    34 0.48770E+05
   694    34 0.48770E+05   695    34 0.48770E+05   696    34 0.48770E+05
   697    35 0.48770E+05   698    35 0.48770E+05   699    35 0.48770E+05
   700    35 0.48770E+05   701    36 0.48770E+05   702    36 0.48770E+05
   703    36 0.48770E+05   704    36 0.48770E+05   705    37 0.48770E+05
   706    37 0.48770E+05   707    37 0.48770E+05   708    37 0.48770E+05
   709    38 0.48770E+05   710    38 0.48770E+05   711    38 0.48770E+05
   712    38 0.48770E+05   713    39 0.48770E+05   714    39 0.48770E+05
   715    39 0.48770E+05   716    39 0.48770E+05   717    40 0.48770E+05
   718    40 0.48770E+05   719    40 0.48770E+05   720    40 0.48770E+05
   721    21 0.48770E+05   722    21 0.48770E+05   723    21 0.48770E+05
   724    21 0.48770E+05   725    22 0.48770E+05   726    22 0.48770E+05
   727    22 0.48770E+05   728    22 0.48770E+05   729    23 0.48770E+05
   730    23 0.48770E+05   731    23 0.48770E+05   732    23 0.48770E+05
   733    24 0.48770E+05   734    24 0.48770E+05   735    24 0.48770E+05
   736    24 0.48770E+05   737    25 0.48770E+05   738    25 0.48770E+05
   739    25 0.48770E+05   740    25 0.48770E+05   741    26 0.48770E+05
   742    26 0.48770E+05   743    26 0.48770E+05   744    26 0.48770E+05
   745    27 0.48770E+05   746    27 0.48770E+05   747    27 0.48770E+05
   748    27 0.48770E+05   749    28 0.48770E+05   750    28 0.48770E+05
   751    28 0.48770E+05   752    28 0.48770E+05   753    29 0.48770E+05
   754    29 0.48770E+05   755    29 0.48770E+05   756    29 0.48770E+05
   757    30 0.48770E+05   758    30 0.48770E+05   759    30 0.48770E+05
   760    30 0.48770E+05   761    31 0.48770E+05   762    31 0.48770E+05
   763    31 0.48770E+05   764    31 0.48770E+05   765    32 0.48770E+05
   766    32 0.48770E+05   767    32 0.48770E+05   768    32 0.48770E+05
   769    33 0.48770E+05   770    33 0.48770E+05   771    33 0.48770E+05
   772    33 0.48770E+05   773    34 0.48770E+05   774    34 0.48770E+05
   775    34 0.48770E+05   776    34 0.48770E+05   777    35 0.48770E+05
   778    35 0.48770E+05   779    35 0.48770E+05   780    35 0.48770E+05
   781    36 0.48770E+05   782    36 0.48770E+05   783    36 0.48770E+05
   784    36 0.48770E+05   785    37 0.48770E+05   786    37 0.48770E+05
   787    37 0.48770E+05   788    37 0.48770E+05   789    38 0.48770E+05
   790    38 0.48770E+05   791    38 0.48770E+05   792    38 0.48770E+05
   793    39 0.48770E+05   794    39 0.48770E+05   795    39 0.48770E+05
   796    39 0.48770E+05   797    40 0.48770E+05   798    40 0.48770E+05
   799    40 0.48770E+05   800    40 0.48770E+05   801    41 0.48770E+05
   802    41 0.48770E+05   803    41 0.48770E+05   804    41 0.48770E+05
   805    42 0.48770E+05   806    42 0.48770E+05   807    42 0.48770E+05
   808    42 0.48770E+05   809    43 0.48770E+05   810    43 0.48770E+05
   811    43 0.48770E+05   812    43 0.48770E+05   813    44 0.48770E+05
   814    44 0.48770E+05   815    44 0.48770E+05   816    44 0.48770E+05
   817    45 0.48770E+05   818    45 0.48770E+05   819    45 0.48770E+05
   820    45 0.48770E+05   821    46 0.48770E+05   822    46 0.48770E+05
   823    46 0.48770E+05   824    46 0.48770E+05   825    47 0.48770E+05
   826    47 0.48770E+05   827    47 0.48770E+05   828    47 0.48770E+05
   829    48 0.48770E+05   830    48 0.48770E+05   831    48 0.48770E+05
   832    48 0.48770E+05   833    49 0.48770E+05   834    49 0.48770E+05
   835    49 0.48770E+05   836    49 0.48770E+05   837    50 0.48770E+05
   838    50 0.48770E+05   839    50 0.48770E+05   840    50 0.48770E+05
   841    51 0.48770E+05   842    51 0.48770E+05   843    51 0.48770E+05
   844    51 0.48770E+05   845    52 0.48770E+05   846    52 0.48770E+05
   847    52 0.48770E+05   848    52 0.48770E+05   849    53 0.48770E+05
   850    53 0.48770E+05   851    53 0.48770E+05   852    53 0.48770E+05
   853    54 0.48770E+05   854    54 0.48770E+05   855    54 0.48770E+05
   856    54 0.48770E+05   857    55 0.48770E+05   858    55 0.48770E+05
   859    55 0.48770E+05   860    55 0.48770E+05   861    56 0.48770E+05
   862    56 0.48770E+05   863    56 0.48770E+05   864    56 0.48770E+05
   865    57 0.48770E+05   866    57 0.48770E+05   867    57 0.48770E+05
   868    57 0.48770E+05   869    58 0.48770E+05   870    58 0.48770E+05
   871    58 0.48770E+05   872    58 0.48770E+05   873    59 0.48770E+05
   874    59 0.48770E+05   875    59 0.48770E+05   876    59 0.48770E+05
   877    60 0.48770E+05   878    60 0.48770E+05   879    60 0.48770E+05
   880    60 0.48770E+05   881    41 0.48770E+05   882    41 0.48770E+05
   883    41 0.48770E+05   884    41 0.48770E+05   885    42 0.48770E+05
   886    42 0.48770E+05   887    42 0.48770E+05   888    42 0.48770E+05
   889    43 0.48770E+05   890    43 0.48770E+05   891    43 0.48770E+05
   892    43 0.48770E+05   893    44 0.48770E+05   894    44 0.48770E+05
   895    44 0.48770E+05   896    44 0.48770E+05   897    45 0.48770E+05
   898    45 0.48770E+05   899    45 0.48770E+05   900    45 0.48770E+05
   901    46 0.48770E+05   902    46 0.48770E+05   903    46 0.48770E+05
   904    46 0.48770E+05   905    47 0.48770E+05   906    47 0.48770E+05
   907    47 0.48770E+05   908    47 0.48770E+05   909    48 0.48770E+05
   910    48 0.48770E+05   911    48 0.48770E+05   912    48 0.48770E+05
   913    49 0.48770E+05   914    49 0.48770E+05   915    49 0.48770E+05
   916    49 0.48770E+05   917    50 0.48770E+05   918    50 0.48770E+05
   919    50 0.48770E+05   920    50 0.48770E+05   921    51 0.48770E+05
   922    51 0.48770E+05   923    51 0.48770E+05   924    51 0.48770E+05
   925    52 0.48770E+05   926    52 0.48770E+05   927    52 0.48770E+05
   928    52 0.48770E+05   929    53 0.48770E+05   930    53 0.48770E+05
   931    53 0.48770E+05   932    53 0.48770E+05   933    54 0.48770E+05
   934    54 0.48770E+05   935    54 0.48770E+05   936    54 0.48770E+05
   937    55 0.48770E+05   938    55 0.48770E+05   939    55 0.48770E+05
   940    55 0.48770E+05   941    56 0.48770E+05   942    56 0.48770E+05
   943    56 0.48770E+05   944    56 0.48770E+05   945    57 0.48770E+05
   946    57 0.48770E+05   947    57 0.48770E+05   948    57 0.48770E+05
   949    58 0.48770E+05   950    58 0.48770E+05   951    58 0.48770E+05
   952    58 0.48770E+05   953    59 0.48770E+05   954    59 0.48770E+05
   955    59 0.48770E+05   956    59 0.48770E+05   957    60 0.48770E+05
   958    60 0.48770E+05   959    60 0.48770E+05   960    60 0.48770E+05
   961    41 0.48770E+05   962    41 0.48770E+05   963    41 0.48770E+05
   964    41 0.48770E+05   965    42 0.48770E+05   966    42 0.48770E+05
   967    42 0.48770E+05   968    42 0.48770E+05   969    43 0.48770E+05
   970    43 0.48770E+05   971    43 0.48770E+05   972    43 0.48770E+05
   973    44 0.48770E+05   974    44 0.48770E+05   975    44 0.48770E+05
   976    44 0.48770E+05   977    45 0.48770E+05   978    45 0.48770E+05
   979    45 0.48770E+05   980    45 0.48770E+05   981    46 0.48770E+05
   982    46 0.48770E+05   983    46 0.48770E+05   984    46 0.48770E+05
   985    47 0.48770E+05   986    47 0.48770E+05   987    47 0.48770E+05
   988    47 0.48770E+05   989    48 0.48770E+05   990    48 0.48770E+05
   991    48 0.48770E+05   992    48 0.48770E+05   993    49 0.48770E+05
   994    49 0.48770E+05   995    49 0.48770E+05   996    49 0.48770E+05
   997    50 0.48770E+05   998    50 0.48770E+05   999    50 0.48770E+05
  1000    50 0.48770E+05  1001    51 0.48770E+05  1002    51 0.48770E+05
  1003    51 0.48770E+05  1004    51 0.48770E+05  1005    52 0.48770E+05
  1006    52 0.48770E+05  1007    52 0.48770E+05  1008    52 0.48770E+05
  1009    53 0.48770E+05  1010    53 0.48770E+05  1011    53 0.48770E+05
  1012    53 0.48770E+05  1013    54 0.48770E+05  1014    54 0.48770E+05
  1015    54 0.48770E+05  1016    54 0.48770E+05  1017    55 0.48770E+05
  1018    55 0.48770E+05  1019    55 0.48770E+05  1020    55 0.48770E+05
  1021    56 0.48770E+05  1022    56 0.48770E+05  1023    56 0.48770E+05
  1024    56 0.48770E+05  1025    57 0.48770E+05  1026    57 0.48770E+05
  1027    57 0.48770E+05  1028    57 0.48770E+05  1029    58 0.48770E+05
  1030    58 0.48770E+05  1031    58 0.48770E+05  1032    58 0.48770E+05
  1033    59 0.48770E+05  1034    59 0.48770E+05  1035    59 0.48770E+05
  1036    59 0.48770E+05  1037    60 0.48770E+05  1038    60 0.48770E+05
  1039    60 0.48770E+05  1040    60 0.48770E+05  1041    41 0.48770E+05
  1042    41 0.48770E+05  1043    41 0.48770E+05  1044    41 0.48770E+05
  1045    42 0.48770E+05  1046    42 0.48770E+05  1047    42 0.48770E+05
  1048    42 0.48770E+05  1049    43 0.48770E+05  1050    43 0.48770E+05
  1051    43 0.48770E+05  1052    43 0.48770E+05  1053    44 0.48770E+05
  1054    44 0.48770E+05  1055    44 0.48770E+05  1056    44 0.48770E+05
  1057    45 0.48770E+05  1058    45 0.48770E+05  1059    45 0.48770E+05
  1060    45 0.48770E+05  1061    46 0.48770E+05  1062    46 0.48770E+05
  1063    46 0.48770E+05  1064    46 0.48770E+05  1065    47 0.48770E+05
  1066    47 0.48770E+05  1067    47 0.48770E+05  1068    47 0.48770E+05
  1069    48 0.48770E+05  1070    48 0.48770E+05  1071    48 0.48770E+05
  1072    48 0.48770E+05  1073    49 0.48770E+05  1074    49 0.48770E+05
  1075    49 0.48770E+05  1076    49 0.48770E+05  1077    50 0.48770E+05
  1078    50 0.48770E+05  1079    50 0.48770E+05  1080    50 0.48770E+05
  1081    51 0.48770E+05  1082    51 0.48770E+05  1083    51 0.48770E+05
  1084    51 0.48770E+05  1085    52 0.48770E+05  1086    52 0.48770E+05
  1087    52 0.48770E+05  1088    52 0.48770E+05  1089    53 0.48770E+05
  1090    53 0.48770E+05  1091    53 0.48770E+05  1092    53 0.48770E+05
  1093    54 0.48770E+05  1094    54 0.48770E+05  1095    54 0.48770E+05
  1096    54 0.48770E+05  1097    55 0.48770E+05  1098    55 0.48770E+05
  1099    55 0.48770E+05  1100    55 0.48770E+05  1101    56 0.48770E+05
  1102    56 0.48770E+05  1103    56 0.48770E+05  1104    56 0.48770E+05
  1105    57 0.48770E+05  1106    57 0.48770E+05  1107    57 0.48770E+05
  1108    57 0.48770E+05  1109    58 0.48770E+05  1110    58 0.48770E+05
  1111    58 0.48770E+05  1112    58 0.48770E+05  1113    59 0.48770E+05
  1114    59 0.48770E+05  1115    59 0.48770E+05  1116    59 0.48770E+05
  1117    60 0.48770E+05  1118    60 0.48770E+05  1119    60 0.48770E+05
  1120    60 0.48770E+05  1121    61 0.48770E+05  1122    61 0.48770E+05
  1123    61 0.48770E+05  1124    61 0.48770E+05  1125    62 0.48770E+05
  1126    62 0.48770E+05  1127    62 0.48770E+05  1128    62 0.48770E+05
  1129    63 0.48770E+05  1130    63 0.48770E+05  1131    63 0.48770E+05
  1132    63 0.48770E+05  1133    64 0.48770E+05  1134    64 0.48770E+05
  1135    64 0.48770E+05  1136    64 0.48770E+05  1137    65 0.48770E+05
  1138    65 0.48770E+05  1139    65 0.48770E+05  1140    65 0.48770E+05
  1141    66 0.48770E+05  1142    66 0.48770E+05  1143    66 0.48770E+05
  1144    66 0.48770E+05  1145    67 0.48770E+05  1146    67 0.48770E+05
  1147    67 0.48770E+05  1148    67 0.48770E+05  1149    68 0.48770E+05
  1150    68 0.48770E+05  1151    68 0.48770E+05  1152    68 0.48770E+05
  1153    69 0.48770E+05  1154    69 0.48770E+05  1155    69 0.48770E+05
  1156    69 0.48770E+05  1157    70 0.48770E+05  1158    70 0.48770E+05
  1159    70 0.48770E+05  1160    70 0.48770E+05  1161    71 0.48770E+05
  1162    71 0.48770E+05  1163    71 0.48770E+05  1164    71 0.48770E+05
  1165    72 0.48770E+05  1166    72 0.48770E+05  1167    72 0.48770E+05
  1168    72 0.48770E+05  1169    73 0.48770E+05  1170    73 0.48770E+05
  1171    73 0.48770E+05  1172    73 0.48770E+05  1173    74 0.48770E+05
  1174    74 0.48770E+05  1175    74 0.48770E+05  1176    74 0.48770E+05
  1177    75 0.48770E+05  1178    75 0.48770E+05  1179    75 0.48770E+05
  1180    75 0.48770E+05  1181    76 0.48770E+05  1182    76 0.48770E+05
  1183    76 0.48770E+05  1184    76 0.48770E+05  1185    77 0.48770E+05
  1186    77 0.48770E+05  1187    77 0.48770E+05  1188    77 0.48770E+05
  1189    78 0.48770E+05  1190    78 0.48770E+05  1191    78 0.48770E+05
  1192    78 0.48770E+05  1193    79 0.48770E+05  1194    79 0.48770E+05
  1195    79 0.48770E+05  1196    79 0.48770E+05  1197    80 0.48770E+05
  1198    80 0.48770E+05  1199    80 0.48770E+05  1200    80 0.48770E+05
  1201    61 0.48770E+05  1202    61 0.48770E+05  1203    61 0.48770E+05
  1204    61 0.48770E+05  1205    62 0.48770E+05  1206    62 0.48770E+05
  1207    62 0.48770E+05  1208    62 0.48770E+05  1209    63 0.48770E+05
  1210    63 0.48770E+05  1211    63 0.48770E+05  1212    63 0.48770E+05
  1213    64 0.48770E+05  1214    64 0.48770E+05  1215    64 0.48770E+05
  1216    64 0.48770E+05  1217    65 0.48770E+05  1218    65 0.48770E+05
  1219    65 0.48770E+05  1220    65 0.48770E+05  1221    66 0.48770E+05
  1222    66 0.48770E+05  1223    66 0.48770E+05  1224    66 0.48770E+05
  1225    67 0.48770E+05  1226    67 0.48770E+05  1227    67 0.48770E+05
  1228    67 0.48770E+05  1229    68 0.48770E+05  1230    68 0.48770E+05
  1231    68 0.48770E+05  1232    68 0.48770E+05  1233    69 0.48770E+05
  1234    69 0.48770E+05  1235    69 0.48770E+05  1236    69 0.48770E+05
  1237    70 0.48770E+05  1238    70 0.48770E+05  1239    70 0.48770E+05
  1240    70 0.48770E+05  1241    71 0.48770E+05  1242    71 0.48770E+05
  1243    71 0.48770E+05  1244    71 0.48770E+05  1245    72 0.48770E+05
  1246    72 0.48770E+05  1247    72 0.48770E+05  1248    72 0.48770E+05
  1249    73 0.48770E+05  1250    73 0.48770E+05  1251    73 0.48770E+05
  1252    73 0.48770E+05  1253    74 0.48770E+05  1254    74 0.48770E+05
  1255    74 0.48770E+05  1256    74 0.48770E+05  1257    75 0.48770E+05
  1258    75 0.48770E+05  1259    75 0.48770E+05  1260    75 0.48770E+05
  1261    76 0.48770E+05  1262    76 0.48770E+05  1263    76 0.48770E+05
  1264    76 0.48770E+05  1265    77 0.48770E+05  1266    77 0.48770E+05
  1267    77 0.48770E+05  1268    77 0.48770E+05  1269    78 0.48770E+05
  1270    78 0.48770E+05  1271    78 0.48770E+05  1272    78 0.48770E+05
  1273    79 0.48770E+05  1274    79 0.48770E+05  1275    79 0.48770E+05
  1276    79 0.48770E+05  1277    80 0.48770E+05  1278    80 0.48770E+05
  1279    80 0.48770E+05  1280    80 0.48770E+05  1281    61 0.48770E+05
  1282    61 0.48770E+05  1283    61 0.48770E+05  1284    61 0.48770E+05
  1285    62 0.48770E+05  1286    62 0.48770E+05  1287    62 0.48770E+05
  1288    62 0.48770E+05  1289    63 0.48770E+05  1290    63 0.48770E+05
  1291    63 0.48770E+05  1292    63 0.48770E+05  1293    64 0.48770E+05
  1294    64 0.48770E+05  1295    64 0.48770E+05  1296    64 0.48770E+05
  1297    65 0.48770E+05  1298    65 0.48770E+05  1299    65 0.48770E+05
  1300    65 0.48770E+05  1301    66 0.48770E+05  1302    66 0.48770E+05
  1303    66 0.48770E+05  1304    66 0.48770E+05  1305    67 0.48770E+05
  1306    67 0.48770E+05  1307    67 0.48770E+05  1308    67 0.48770E+05
  1309    68 0.48770E+05  1310    68 0.48770E+05  1311    68 0.48770E+05
  1312    68 0.48770E+05  1313    69 0.48770E+05  1314    69 0.48770E+05
  1315    69 0.48770E+05  1316    69 0.48770E+05  1317    70 0.48770E+05
  1318    70 0.48770E+05  1319    70 0.48770E+05  1320    70 0.48770E+05
  1321    71 0.48770E+05  1322    71 0.48770E+05  1323    71 0.48770E+05
  1324    71 0.48770E+05  1325    72 0.48770E+05  1326    72 0.48770E+05
  1327    72 0.48770E+05  1328    72 0.48770E+05  1329    73 0.48770E+05
  1330    73 0.48770E+05  1331    73 0.48770E+05  1332    73 0.48770E+05
  1333    74 0.48770E+05  1334    74 0.48770E+05  1335    74 0.48770E+05
  1336    74 0.48770E+05  1337    75 0.48770E+05  1338    75 0.48770E+05
  1339    75 0.48770E+05  1340    75 0.48770E+05  1341    76 0.48770E+05
  1342    76 0.48770E+05  1343    76 0.48770E+05  1344    76 0.48770E+05
  1345    77 0.48770E+05  1346    77 0.48770E+05  1347    77 0.48770E+05
  1348    77 0.48770E+05  1349    78 0.48770E+05  1350    78 0.48770E+05
  1351    78 0.48770E+05  1352    78 0.48770E+05  1353    79 0.48770E+05
  1354    79 0.48770E+05  1355    79 0.48770E+05  1356    79 0.48770E+05
  1357    80 0.48770E+05  1358    80 0.48770E+05  1359    80 0.48770E+05
  1360    80 0.48770E+05  1361    61 0.48770E+05  1362    61 0.48770E+05
  1363    61 0.48770E+05  1364    61 0.48770E+05  1365    62 0.48770E+05
  1366    62 0.48770E+05  1367    62 0.48770E+05  1368    62 0.48770E+05
  1369    63 0.48770E+05  1370    63 0.48770E+05  1371    63 0.48770E+05
  1372    63 0.48770E+05  1373    64 0.48770E+05  1374    64 0.48770E+05
  1375    64 0.48770E+05  1376    64 0.48770E+05  1377    65 0.48770E+05
  1378    65 0.48770E+05  1379    65 0.48770E+05  1380    65 0.48770E+05
  1381    66 0.48770E+05  1382    66 0.48770E+05  1383    66 0.48770E+05
  1384    66 0.48770E+05  1385    67 0.48770E+05  1386    67 0.48770E+05
  1387    67 0.48770E+05  1388    67 0.48770E+05  1389    68 0.48770E+05
  1390    68 0.48770E+05  1391    68 0.48770E+05  1392    68 0.48770E+05
  1393    69 0.48770E+05  1394    69 0.48770E+05  1395    69 0.48770E+05
  1396    69 0.48770E+05  1397    70 0.48770E+05  1398    70 0.48770E+05
  1399    70 0.48770E+05  1400    70 0.48770E+05  1401    71 0.48770E+05
  1402    71 0.48770E+05  1403    71 0.48770E+05  1404    71 0.48770E+05
  1405    72 0.48770E+05  1406    72 0.48770E+05  1407    72 0.48770E+05
  1408    72 0.48770E+05  1409    73 0.48770E+05  1410    73 0.48770E+05
  1411    73 0.48770E+05  1412    73 0.48770E+05  1413    74 0.48770E+05
  1414    74 0.48770E+05  1415    74 0.48770E+05  1416    74 0.48770E+05
  1417    75 0.48770E+05  1418    75 0.48770E+05  1419    75 0.48770E+05
  1420    75 0.48770E+05  1421    76 0.48770E+05  1422    76 0.48770E+05
  1423    76 0.48770E+05  1424    76 0.48770E+05  1425    77 0.48770E+05
  1426    77 0.48770E+05  1427    77 0.48770E+05  1428    77 0.48770E+05
  1429    78 0.48770E+05  1430    78 0.48770E+05  1431    78 0.48770E+05
  1432    78 0.48770E+05  1433    79 0.48770E+05  1434    79 0.48770E+05
  1435    79 0.48770E+05  1436    79 0.48770E+05  1437    80 0.48770E+05
  1438    80 0.48770E+05  1439    80 0.48770E+05  1440    80 0.48770E+05
  1441    81 0.48775E+05  1442    81 0.48775E+05  1443    81 0.48775E+05
  1444    81 0.48775E+05  1445    82 0.48775E+05  1446    82 0.48775E+05
  1447    82 0.48775E+05  1448    82 0.48775E+05  1449    83 0.48775E+05
  1450    83 0.48775E+05  1451    83 0.48775E+05  1452    83 0.48775E+05
  1453    84 0.48775E+05  1454    84 0.48775E+05  1455    84 0.48775E+05
  1456    84 0.48775E+05  1457    85 0.48775E+05  1458    85 0.48775E+05
  1459    85 0.48775E+05  1460    85 0.48775E+05  1461    86 0.48775E+05
  1462    86 0.48775E+05  1463    86 0.48775E+05  1464    86 0.48775E+05
  1465    87 0.48775E+05  1466    87 0.48775E+05  1467    87 0.48775E+05
  1468    87 0.48775E+05  1469    88 0.48775E+05  1470    88 0.48775E+05
  1471    88 0.48775E+05  1472    88 0.48775E+05  1473    89 0.48775E+05
  1474    89 0.48775E+05  1475    89 0.48775E+05  1476    89 0.48775E+05
  1477    90 0.48775E+05  1478    90 0.48775E+05  1479    90 0.48775E+05
  1480    90 0.48775E+05  1481    91 0.48775E+05  1482    91 0.48775E+05
  1483    91 0.48775E+05  1484    91 0.48775E+05  1485    92 0.48775E+05
  1486    92 0.48775E+05  1487    92 0.48775E+05  1488    92 0.48775E+05
  1489    93 0.48775E+05  1490    93 0.48775E+05  1491    93 0.48775E+05
  1492    93 0.48775E+05  1493    94 0.48775E+05  1494    94 0.48775E+05
  1495    94 0.48775E+05  1496    94 0.48775E+05  1497    95 0.48775E+05
  1498    95 0.48775E+05  1499    95 0.48775E+05  1500    95 0.48775E+05
  1501    96 0.48775E+05  1502    96 0.48775E+05  1503    96 0.48775E+05
  1504    96 0.48775E+05  1505    97 0.48775E+05  1506    97 0.48775E+05
  1507    97 0.48775E+05  1508    97 0.48775E+05  1509    98 0.48775E+05
  1510    98 0.48775E+05  1511    98 0.48775E+05  1512    98 0.48775E+05
  1513    99 0.48775E+05  1514    99 0.48775E+05  1515    99 0.48775E+05
  1516    99 0.48775E+05  1517   100 0.48775E+05  1518   100 0.48775E+05
  1519   100 0.48775E+05  1520   100 0.48775E+05  1521    81 0.48775E+05
  1522    81 0.48775E+05  1523    81 0.48775E+05  1524    81 0.48775E+05
  1525    82 0.48775E+05  1526    82 0.48775E+05  1527    82 0.48775E+05
  1528    82 0.48775E+05  1529    83 0.48775E+05  1530    83 0.48775E+05
  1531    83 0.48775E+05  1532    83 0.48775E+05  1533    84 0.48775E+05
  1534    84 0.48775E+05  1535    84 0.48775E+05  1536    84 0.48775E+05
  1537    85 0.48775E+05  1538    85 0.48775E+05  1539    85 0.48775E+05
  1540    85 0.48775E+05  1541    86 0.48775E+05  1542    86 0.48775E+05
  1543    86 0.48775E+05  1544    86 0.48775E+05  1545    87 0.48775E+05
  1546    87 0.48775E+05  1547    87 0.48775E+05  1548    87 0.48775E+05
  1549    88 0.48775E+05  1550    88 0.48775E+05  1551    88 0.48775E+05
  1552    88 0.48775E+05  1553    89 0.48775E+05  1554    89 0.48775E+05
  1555    89 0.48775E+05  1556    89 0.48775E+05  1557    90 0.48775E+05
  1558    90 0.48775E+05  1559    90 0.48775E+05  1560    90 0.48775E+05
  1561    91 0.48775E+05  1562    91 0.48775E+05  1563    91 0.48775E+05
  1564    91 0.48775E+05  1565    92 0.48775E+05  1566    92 0.48775E+05
  1567    92 0.48775E+05  1568    92 0.48775E+05  1569    93 0.48775E+05
  1570    93 0.48775E+05  1571    93 0.48775E+05  1572    93 0.48775E+05
  1573    94 0.48775E+05  1574    94 0.48775E+05  1575    94 0.48775E+05
  1576    94 0.48775E+05  1577    95 0.48775E+05  1578    95 0.48775E+05
  1579    95 0.48775E+05  1580    95 0.48775E+05  1581    96 0.48775E+05
  1582    96 0.48775E+05  1583    96 0.48775E+05  1584    96 0.48775E+05
  1585    97 0.48775E+05  1586    97 0.48775E+05  1587    97 0.48775E+05
  1588    97 0.48775E+05  1589    98 0.48775E+05  1590    98 0.48775E+05
  1591    98 0.48775E+05  1592    98 0.48775E+05  1593    99 0.48775E+05
  1594    99 0.48775E+05  1595    99 0.48775E+05  1596    99 0.48775E+05
  1597   100 0.48775E+05  1598   100 0.48775E+05  1599   100 0.48775E+05
  1600   100 0.48775E+05  1601    81 0.48775E+05  1602    81 0.48775E+05
  1603    81 0.48775E+05  1604    81 0.48775E+05  1605    82 0.48775E+05
  1606    82 0.48775E+05  1607    82 0.48775E+05  1608    82 0.48775E+05
  1609    83 0.48775E+05  1610    83 0.48775E+05  1611    83 0.48775E+05
  1612    83 0.48775E+05  1613    84 0.48775E+05  1614    84 0.48775E+05
  1615    84 0.48775E+05  1616    84 0.48775E+05  1617    85 0.48775E+05
  1618    85 0.48775E+05  1619    85 0.48775E+05  1620    85 0.48775E+05
  1621    86 0.48775E+05  1622    86 0.48775E+05  1623    86 0.48775E+05
  1624    86 0.48775E+05  1625    87 0.48775E+05  1626    87 0.48775E+05
  1627    87 0.48775E+05  1628    87 0.48775E+05  1629    88 0.48775E+05
  1630    88 0.48775E+05  1631    88 0.48775E+05  1632    88 0.48775E+05
  1633    89 0.48775E+05  1634    89 0.48775E+05  1635    89 0.48775E+05
  1636    89 0.48775E+05  1637    90 0.48775E+05  1638    90 0.48775E+05
  1639    90 0.48775E+05  1640    90 0.48775E+05  1641    91 0.48775E+05
  1642    91 0.48775E+05  1643    91 0.48775E+05  1644    91 0.48775E+05
  1645    92 0.48775E+05  1646    92 0.48775E+05  1647    92 0.48775E+05
  1648    92 0.48775E+05  1649    93 0.48775E+05  1650    93 0.48775E+05
  1651    93 0.48775E+05  1652    93 0.48775E+05  1653    94 0.48775E+05
  1654    94 0.48775E+05  1655    94 0.48775E+05  1656    94 0.48775E+05
  1657    95 0.48775E+05  1658    95 0.48775E+05  1659    95 0.48775E+05
  1660    95 0.48775E+05  1661    96 0.48775E+05  1662    96 0.48775E+05
  1663    96 0.48775E+05  1664    96 0.48775E+05  1665    97 0.48775E+05
  1666    97 0.48775E+05  1667    97 0.48775E+05  1668    97 0.48775E+05
  1669    98 0.48775E+05  1670    98 0.48775E+05  1671    98 0.48775E+05
  1672    98 0.48775E+05  1673    99 0.48775E+05  1674    99 0.48775E+05
  1675    99 0.48775E+05  1676    99 0.48775E+05  1677   100 0.48775E+05
  1678   100 0.48775E+05  1679   100 0.48775E+05  1680   100 0.48775E+05
  1681    81 0.48775E+05  1682    81 0.48775E+05  1683    81 0.48775E+05
  1684    81 0.48775E+05  1685    82 0.48775E+05  1686    82 0.48775E+05
  1687    82 0.48775E+05  1688    82 0.48775E+05  1689    83 0.48775E+05
  1690    83 0.48775E+05  1691    83 0.48775E+05  1692    83 0.48775E+05
  1693    84 0.48775E+05  1694    84 0.48775E+05  1695    84 0.48775E+05
  1696    84 0.48775E+05  1697    85 0.48775E+05  1698    85 0.48775E+05
  1699    85 0.48775E+05  1700    85 0.48775E+05  1701    86 0.48775E+05
  1702    86 0.48775E+05  1703    86 0.48775E+05  1704    86 0.48775E+05
  1705    87 0.48775E+05  1706    87 0.48775E+05  1707    87 0.48775E+05
  1708    87 0.48775E+05  1709    88 0.48775E+05  1710    88 0.48775E+05
  1711    88 0.48775E+05  1712    88 0.48775E+05  1713    89 0.48775E+05
  1714    89 0.48775E+05  1715    89 0.48775E+05  1716    89 0.48775E+05
  1717    90 0.48775E+05  1718    90 0.48775E+05  1719    90 0.48775E+05
  1720    90 0.48775E+05  1721    91 0.48775E+05  1722    91 0.48775E+05
  1723    91 0.48775E+05  1724    91 0.48775E+05  1725    92 0.48775E+05
  1726    92 0.48775E+05  1727    92 0.48775E+05  1728    92 0.48775E+05
  1729    93 0.48775E+05  1730    93 0.48775E+05  1731    93 0.48775E+05
  1732    93 0.48775E+05  1733    94 0.48775E+05  1734    94 0.48775E+05
  1735    94 0.48775E+05  1736    94 0.48775E+05  1737    95 0.48775E+05
  1738    95 0.48775E+05  1739    95 0.48775E+05  1740    95 0.48775E+05
  1741    96 0.48775E+05  1742    96 0.48775E+05  1743    96 0.48775E+05
  1744    96 0.48775E+05  1745    97 0.48775E+05  1746    97 0.48775E+05
  1747    97 0.48775E+05  1748    97 0.48775E+05  1749    98 0.48775E+05
  1750    98 0.48775E+05  1751    98 0.48775E+05  1752    98 0.48775E+05
  1753    99 0.48775E+05  1754    99 0.48775E+05  1755    99 0.48775E+05
  1756    99 0.48775E+05  1757   100 0.48775E+05  1758   100 0.48775E+05
  1759   100 0.48775E+05  1760   100 0.48775E+05
 *250*  MODUL-80 MW-th LEU  99_11                                       
  1                                                                     
  0  0  0                                                               
  1  1  1  1  1  0  1  0                                                
999  7  7                                                               
 0.10000E+02 0.00000E+00                                                
  3                                                                     
     1     0     0     0     0     0     0     1     0    -1     1      
 0.00000E+00 0.10000E-03                                                
 0.00000E+00 0.00000E+00 0.00000E+00                                    
