  1
  0 -1  1  0  0  0  0  0  0  0  0  0  0  0  0  0  0  0  1  0  0  0  0  0
  0  0  1  1  1  1  0  0  1  0  0  1  0  0  0  0  0  0  0  0  0  0  0  0
999  0  0  0  0  0  0  0  0  0  0  0  0  0  0  0  0  0  7  7  0  0  0  0
 0.10000E+02 0.00000E+00 0.00000E+00 0.00000E+00 0.00000E+00 0.00000E+00
  8
  4  3  0
     1     1 2.53733E+00 2.63318E-05 2.18233E-05 0.00000E+00 8.14009E-06
 0.00000E+00 8.77956E-03 2.41098E-10 1.02964E-05
     1     2 1.63752E+00 8.89348E-05 3.21554E-05 0.00000E+00 1.32147E-05
 0.00000E+00 0.00000E+00 5.63842E-03 1.43826E-06
     1     3 1.60503E+00 8.27496E-04 1.66380E-04 0.00000E+00 6.82983E-05
 0.00000E+00 0.00000E+00 0.00000E+00 8.93585E-03
     1     4 1.50173E+00 1.13630E-03 1.88157E-03 0.00000E+00 7.72180E-04
 0.00000E+00 0.00000E+00 0.00000E+00 0.00000E+00
     2     1 2.53547E+00 2.62428E-05 2.17652E-05 0.00000E+00 8.11935E-06
 0.00000E+00 8.82219E-03 2.40302E-10 1.03292E-05
     2     2 1.63757E+00 8.93582E-05 3.23039E-05 0.00000E+00 1.32756E-05
 0.00000E+00 0.00000E+00 5.69382E-03 1.42615E-06
     2     3 1.60524E+00 8.27476E-04 1.66319E-04 0.00000E+00 6.82734E-05
 0.00000E+00 0.00000E+00 0.00000E+00 8.98920E-03
     2     4 1.50232E+00 1.13010E-03 1.87102E-03 0.00000E+00 7.67850E-04
 0.00000E+00 0.00000E+00 0.00000E+00 0.00000E+00
     3     1 2.53540E+00 2.62394E-05 2.17631E-05 0.00000E+00 8.11856E-06
 0.00000E+00 8.82381E-03 2.40272E-10 1.03304E-05
     3     2 1.63757E+00 8.93743E-05 3.23095E-05 0.00000E+00 1.32779E-05
 0.00000E+00 0.00000E+00 5.69592E-03 1.42569E-06
     3     3 1.60525E+00 8.27475E-04 1.66317E-04 0.00000E+00 6.82724E-05
 0.00000E+00 0.00000E+00 0.00000E+00 8.99122E-03
     3     4 1.50235E+00 1.12984E-03 1.87057E-03 0.00000E+00 7.67664E-04
 0.00000E+00 0.00000E+00 0.00000E+00 0.00000E+00
     4     1 2.53540E+00 2.62394E-05 2.17630E-05 0.00000E+00 8.11855E-06
 0.00000E+00 8.82384E-03 2.40272E-10 1.03304E-05
     4     2 1.63757E+00 8.93746E-05 3.23096E-05 0.00000E+00 1.32780E-05
 0.00000E+00 0.00000E+00 5.69596E-03 1.42568E-06
     4     3 1.60525E+00 8.27475E-04 1.66317E-04 0.00000E+00 6.82724E-05
 0.00000E+00 0.00000E+00 0.00000E+00 8.99126E-03
     4     4 1.50235E+00 1.12983E-03 1.87056E-03 0.00000E+00 7.67662E-04
 0.00000E+00 0.00000E+00 0.00000E+00 0.00000E+00
     5     1 2.53540E+00 2.62394E-05 2.17630E-05 0.00000E+00 8.11855E-06
 0.00000E+00 8.82384E-03 2.40272E-10 1.03304E-05
     5     2 1.63757E+00 8.93746E-05 3.23096E-05 0.00000E+00 1.32780E-05
 0.00000E+00 0.00000E+00 5.69596E-03 1.42568E-06
     5     3 1.60525E+00 8.27475E-04 1.66317E-04 0.00000E+00 6.82724E-05
 0.00000E+00 0.00000E+00 0.00000E+00 8.99126E-03
     5     4 1.50235E+00 1.12983E-03 1.87056E-03 0.00000E+00 7.67661E-04
 0.00000E+00 0.00000E+00 0.00000E+00 0.00000E+00
     6     1 2.53540E+00 2.62394E-05 2.17630E-05 0.00000E+00 8.11855E-06
 0.00000E+00 8.82384E-03 2.40272E-10 1.03304E-05
     6     2 1.63757E+00 8.93746E-05 3.23096E-05 0.00000E+00 1.32780E-05
 0.00000E+00 0.00000E+00 5.69596E-03 1.42568E-06
     6     3 1.60525E+00 8.27475E-04 1.66316E-04 0.00000E+00 6.82724E-05
 0.00000E+00 0.00000E+00 0.00000E+00 8.99126E-03
     6     4 1.50235E+00 1.12983E-03 1.87056E-03 0.00000E+00 7.67661E-04
 0.00000E+00 0.00000E+00 0.00000E+00 0.00000E+00
     7     1 2.53540E+00 2.62394E-05 2.17630E-05 0.00000E+00 8.11855E-06
 0.00000E+00 8.82384E-03 2.40272E-10 1.03304E-05
     7     2 1.63757E+00 8.93746E-05 3.23096E-05 0.00000E+00 1.32780E-05
 0.00000E+00 0.00000E+00 5.69596E-03 1.42568E-06
     7     3 1.60525E+00 8.27475E-04 1.66316E-04 0.00000E+00 6.82724E-05
 0.00000E+00 0.00000E+00 0.00000E+00 8.99126E-03
     7     4 1.50235E+00 1.12983E-03 1.87056E-03 0.00000E+00 7.67661E-04
 0.00000E+00 0.00000E+00 0.00000E+00 0.00000E+00
     8     1 2.53540E+00 2.62394E-05 2.17630E-05 0.00000E+00 8.11855E-06
 0.00000E+00 8.82384E-03 2.40272E-10 1.03304E-05
     8     2 1.63757E+00 8.93746E-05 3.23096E-05 0.00000E+00 1.32780E-05
 0.00000E+00 0.00000E+00 5.69596E-03 1.42568E-06
     8     3 1.60525E+00 8.27475E-04 1.66316E-04 0.00000E+00 6.82724E-05
 0.00000E+00 0.00000E+00 0.00000E+00 8.99126E-03
     8     4 1.50235E+00 1.12983E-03 1.87056E-03 0.00000E+00 7.67661E-04
 0.00000E+00 0.00000E+00 0.00000E+00 0.00000E+00
     9     1 2.53540E+00 2.62394E-05 2.17630E-05 0.00000E+00 8.11855E-06
 0.00000E+00 8.82384E-03 2.40272E-10 1.03304E-05
     9     2 1.63757E+00 8.93746E-05 3.23096E-05 0.00000E+00 1.32780E-05
 0.00000E+00 0.00000E+00 5.69596E-03 1.42568E-06
     9     3 1.60525E+00 8.27475E-04 1.66316E-04 0.00000E+00 6.82724E-05
 0.00000E+00 0.00000E+00 0.00000E+00 8.99126E-03
     9     4 1.50235E+00 1.12983E-03 1.87056E-03 0.00000E+00 7.67661E-04
 0.00000E+00 0.00000E+00 0.00000E+00 0.00000E+00
    10     1 2.53540E+00 2.62394E-05 2.17630E-05 0.00000E+00 8.11855E-06
 0.00000E+00 8.82384E-03 2.40272E-10 1.03304E-05
    10     2 1.63757E+00 8.93746E-05 3.23096E-05 0.00000E+00 1.32780E-05
 0.00000E+00 0.00000E+00 5.69596E-03 1.42568E-06
    10     3 1.60525E+00 8.27475E-04 1.66317E-04 0.00000E+00 6.82724E-05
 0.00000E+00 0.00000E+00 0.00000E+00 8.99126E-03
    10     4 1.50235E+00 1.12983E-03 1.87056E-03 0.00000E+00 7.67661E-04
 0.00000E+00 0.00000E+00 0.00000E+00 0.00000E+00
    11     1 2.53540E+00 2.62394E-05 2.17630E-05 0.00000E+00 8.11855E-06
 0.00000E+00 8.82384E-03 2.40272E-10 1.03304E-05
    11     2 1.63757E+00 8.93746E-05 3.23096E-05 0.00000E+00 1.32780E-05
 0.00000E+00 0.00000E+00 5.69596E-03 1.42568E-06
    11     3 1.60525E+00 8.27475E-04 1.66317E-04 0.00000E+00 6.82724E-05
 0.00000E+00 0.00000E+00 0.00000E+00 8.99126E-03
    11     4 1.50235E+00 1.12983E-03 1.87056E-03 0.00000E+00 7.67661E-04
 0.00000E+00 0.00000E+00 0.00000E+00 0.00000E+00
    12     1 2.53540E+00 2.62394E-05 2.17630E-05 0.00000E+00 8.11855E-06
 0.00000E+00 8.82384E-03 2.40272E-10 1.03304E-05
    12     2 1.63757E+00 8.93746E-05 3.23096E-05 0.00000E+00 1.32780E-05
 0.00000E+00 0.00000E+00 5.69596E-03 1.42568E-06
    12     3 1.60525E+00 8.27475E-04 1.66317E-04 0.00000E+00 6.82724E-05
 0.00000E+00 0.00000E+00 0.00000E+00 8.99126E-03
    12     4 1.50235E+00 1.12983E-03 1.87056E-03 0.00000E+00 7.67661E-04
 0.00000E+00 0.00000E+00 0.00000E+00 0.00000E+00
    13     1 2.53540E+00 2.62394E-05 2.17630E-05 0.00000E+00 8.11855E-06
 0.00000E+00 8.82384E-03 2.40272E-10 1.03304E-05
    13     2 1.63757E+00 8.93746E-05 3.23096E-05 0.00000E+00 1.32780E-05
 0.00000E+00 0.00000E+00 5.69596E-03 1.42568E-06
    13     3 1.60525E+00 8.27475E-04 1.66317E-04 0.00000E+00 6.82724E-05
 0.00000E+00 0.00000E+00 0.00000E+00 8.99126E-03
    13     4 1.50235E+00 1.12983E-03 1.87056E-03 0.00000E+00 7.67661E-04
 0.00000E+00 0.00000E+00 0.00000E+00 0.00000E+00
    14     1 2.53540E+00 2.62394E-05 2.17630E-05 0.00000E+00 8.11855E-06
 0.00000E+00 8.82384E-03 2.40272E-10 1.03304E-05
    14     2 1.63757E+00 8.93746E-05 3.23096E-05 0.00000E+00 1.32780E-05
 0.00000E+00 0.00000E+00 5.69596E-03 1.42568E-06
    14     3 1.60525E+00 8.27475E-04 1.66317E-04 0.00000E+00 6.82724E-05
 0.00000E+00 0.00000E+00 0.00000E+00 8.99126E-03
    14     4 1.50235E+00 1.12983E-03 1.87056E-03 0.00000E+00 7.67661E-04
 0.00000E+00 0.00000E+00 0.00000E+00 0.00000E+00
    15     1 2.53540E+00 2.62394E-05 2.17630E-05 0.00000E+00 8.11855E-06
 0.00000E+00 8.82384E-03 2.40272E-10 1.03304E-05
    15     2 1.63757E+00 8.93746E-05 3.23096E-05 0.00000E+00 1.32780E-05
 0.00000E+00 0.00000E+00 5.69596E-03 1.42568E-06
    15     3 1.60525E+00 8.27475E-04 1.66317E-04 0.00000E+00 6.82724E-05
 0.00000E+00 0.00000E+00 0.00000E+00 8.99126E-03
    15     4 1.50235E+00 1.12983E-03 1.87056E-03 0.00000E+00 7.67662E-04
 0.00000E+00 0.00000E+00 0.00000E+00 0.00000E+00
    16     1 2.53540E+00 2.62394E-05 2.17630E-05 0.00000E+00 8.11855E-06
 0.00000E+00 8.82384E-03 2.40272E-10 1.03304E-05
    16     2 1.63757E+00 8.93746E-05 3.23096E-05 0.00000E+00 1.32780E-05
 0.00000E+00 0.00000E+00 5.69596E-03 1.42568E-06
    16     3 1.60525E+00 8.27475E-04 1.66317E-04 0.00000E+00 6.82724E-05
 0.00000E+00 0.00000E+00 0.00000E+00 8.99126E-03
    16     4 1.50235E+00 1.12983E-03 1.87056E-03 0.00000E+00 7.67662E-04
 0.00000E+00 0.00000E+00 0.00000E+00 0.00000E+00
    17     1 2.53540E+00 2.62394E-05 2.17630E-05 0.00000E+00 8.11855E-06
 0.00000E+00 8.82384E-03 2.40272E-10 1.03304E-05
    17     2 1.63757E+00 8.93746E-05 3.23096E-05 0.00000E+00 1.32780E-05
 0.00000E+00 0.00000E+00 5.69596E-03 1.42568E-06
    17     3 1.60525E+00 8.27475E-04 1.66317E-04 0.00000E+00 6.82724E-05
 0.00000E+00 0.00000E+00 0.00000E+00 8.99126E-03
    17     4 1.50235E+00 1.12983E-03 1.87056E-03 0.00000E+00 7.67662E-04
 0.00000E+00 0.00000E+00 0.00000E+00 0.00000E+00
    18     1 2.53540E+00 2.62394E-05 2.17631E-05 0.00000E+00 8.11856E-06
 0.00000E+00 8.82381E-03 2.40272E-10 1.03304E-05
    18     2 1.63757E+00 8.93743E-05 3.23095E-05 0.00000E+00 1.32780E-05
 0.00000E+00 0.00000E+00 5.69593E-03 1.42569E-06
    18     3 1.60525E+00 8.27475E-04 1.66317E-04 0.00000E+00 6.82724E-05
 0.00000E+00 0.00000E+00 0.00000E+00 8.99123E-03
    18     4 1.50235E+00 1.12971E-03 1.87036E-03 0.00000E+00 7.67578E-04
 0.00000E+00 0.00000E+00 0.00000E+00 0.00000E+00
    19     1 2.53546E+00 2.62423E-05 2.17649E-05 0.00000E+00 8.11922E-06
 0.00000E+00 8.82245E-03 2.40298E-10 1.03293E-05
    19     2 1.63757E+00 8.93608E-05 3.23048E-05 0.00000E+00 1.32760E-05
 0.00000E+00 0.00000E+00 5.69415E-03 1.42608E-06
    19     3 1.60524E+00 8.27476E-04 1.66319E-04 0.00000E+00 6.82732E-05
 0.00000E+00 0.00000E+00 0.00000E+00 8.98952E-03
    19     4 1.50233E+00 1.12992E-03 1.87070E-03 0.00000E+00 7.67720E-04
 0.00000E+00 0.00000E+00 0.00000E+00 0.00000E+00
    20     1 2.53702E+00 2.63169E-05 2.18136E-05 0.00000E+00 8.13662E-06
 0.00000E+00 8.78668E-03 2.40965E-10 1.03019E-05
    20     2 1.63753E+00 8.90056E-05 3.21802E-05 0.00000E+00 1.32249E-05
 0.00000E+00 0.00000E+00 5.64767E-03 1.43623E-06
    20     3 1.60506E+00 8.27493E-04 1.66369E-04 0.00000E+00 6.82941E-05
 0.00000E+00 0.00000E+00 0.00000E+00 8.94477E-03
    20     4 1.50183E+00 1.13529E-03 1.87986E-03 0.00000E+00 7.71478E-04
 0.00000E+00 0.00000E+00 0.00000E+00 0.00000E+00
    21     1 2.53764E+00 2.63466E-05 2.18329E-05 0.00000E+00 8.14354E-06
 0.00000E+00 8.77248E-03 2.41231E-10 1.02910E-05
    21     2 1.63751E+00 8.88642E-05 3.21307E-05 0.00000E+00 1.32045E-05
 0.00000E+00 0.00000E+00 5.62922E-03 1.44029E-06
    21     3 1.60499E+00 8.27498E-04 1.66390E-04 0.00000E+00 6.83024E-05
 0.00000E+00 0.00000E+00 0.00000E+00 8.92697E-03
    21     4 1.50163E+00 1.13732E-03 1.88331E-03 0.00000E+00 7.72894E-04
 0.00000E+00 0.00000E+00 0.00000E+00 0.00000E+00
    22     1 2.53581E+00 2.62591E-05 2.17759E-05 0.00000E+00 8.12315E-06
 0.00000E+00 8.81437E-03 2.40448E-10 1.03232E-05
    22     2 1.63756E+00 8.92807E-05 3.22767E-05 0.00000E+00 1.32645E-05
 0.00000E+00 0.00000E+00 5.68366E-03 1.42836E-06
    22     3 1.60520E+00 8.27480E-04 1.66330E-04 0.00000E+00 6.82779E-05
 0.00000E+00 0.00000E+00 0.00000E+00 8.97942E-03
    22     4 1.50221E+00 1.13130E-03 1.87307E-03 0.00000E+00 7.68689E-04
 0.00000E+00 0.00000E+00 0.00000E+00 0.00000E+00
    23     1 2.53574E+00 2.62559E-05 2.17738E-05 0.00000E+00 8.12241E-06
 0.00000E+00 8.81590E-03 2.40420E-10 1.03243E-05
    23     2 1.63756E+00 8.92959E-05 3.22820E-05 0.00000E+00 1.32667E-05
 0.00000E+00 0.00000E+00 5.68564E-03 1.42793E-06
    23     3 1.60521E+00 8.27479E-04 1.66328E-04 0.00000E+00 6.82770E-05
 0.00000E+00 0.00000E+00 0.00000E+00 8.98133E-03
    23     4 1.50223E+00 1.13108E-03 1.87267E-03 0.00000E+00 7.68529E-04
 0.00000E+00 0.00000E+00 0.00000E+00 0.00000E+00
    24     1 2.53574E+00 2.62559E-05 2.17738E-05 0.00000E+00 8.12240E-06
 0.00000E+00 8.81592E-03 2.40419E-10 1.03243E-05
    24     2 1.63756E+00 8.92961E-05 3.22821E-05 0.00000E+00 1.32667E-05
 0.00000E+00 0.00000E+00 5.68566E-03 1.42792E-06
    24     3 1.60521E+00 8.27479E-04 1.66328E-04 0.00000E+00 6.82770E-05
 0.00000E+00 0.00000E+00 0.00000E+00 8.98135E-03
    24     4 1.50223E+00 1.13107E-03 1.87267E-03 0.00000E+00 7.68527E-04
 0.00000E+00 0.00000E+00 0.00000E+00 0.00000E+00
    25     1 2.53574E+00 2.62559E-05 2.17738E-05 0.00000E+00 8.12240E-06
 0.00000E+00 8.81592E-03 2.40419E-10 1.03243E-05
    25     2 1.63756E+00 8.92961E-05 3.22821E-05 0.00000E+00 1.32667E-05
 0.00000E+00 0.00000E+00 5.68566E-03 1.42792E-06
    25     3 1.60521E+00 8.27479E-04 1.66328E-04 0.00000E+00 6.82770E-05
 0.00000E+00 0.00000E+00 0.00000E+00 8.98135E-03
    25     4 1.50223E+00 1.13107E-03 1.87267E-03 0.00000E+00 7.68527E-04
 0.00000E+00 0.00000E+00 0.00000E+00 0.00000E+00
    26     1 2.53574E+00 2.62559E-05 2.17738E-05 0.00000E+00 8.12239E-06
 0.00000E+00 8.81592E-03 2.40419E-10 1.03243E-05
    26     2 1.63756E+00 8.92961E-05 3.22821E-05 0.00000E+00 1.32667E-05
 0.00000E+00 0.00000E+00 5.68566E-03 1.42792E-06
    26     3 1.60521E+00 8.27479E-04 1.66328E-04 0.00000E+00 6.82770E-05
 0.00000E+00 0.00000E+00 0.00000E+00 8.98135E-03
    26     4 1.50223E+00 1.13107E-03 1.87267E-03 0.00000E+00 7.68527E-04
 0.00000E+00 0.00000E+00 0.00000E+00 0.00000E+00
    27     1 2.53574E+00 2.62559E-05 2.17738E-05 0.00000E+00 8.12239E-06
 0.00000E+00 8.81592E-03 2.40419E-10 1.03243E-05
    27     2 1.63756E+00 8.92961E-05 3.22821E-05 0.00000E+00 1.32667E-05
 0.00000E+00 0.00000E+00 5.68566E-03 1.42792E-06
    27     3 1.60521E+00 8.27479E-04 1.66328E-04 0.00000E+00 6.82770E-05
 0.00000E+00 0.00000E+00 0.00000E+00 8.98135E-03
    27     4 1.50223E+00 1.13107E-03 1.87267E-03 0.00000E+00 7.68527E-04
 0.00000E+00 0.00000E+00 0.00000E+00 0.00000E+00
    28     1 2.53574E+00 2.62559E-05 2.17738E-05 0.00000E+00 8.12240E-06
 0.00000E+00 8.81592E-03 2.40419E-10 1.03243E-05
    28     2 1.63756E+00 8.92961E-05 3.22821E-05 0.00000E+00 1.32667E-05
 0.00000E+00 0.00000E+00 5.68566E-03 1.42792E-06
    28     3 1.60521E+00 8.27479E-04 1.66328E-04 0.00000E+00 6.82770E-05
 0.00000E+00 0.00000E+00 0.00000E+00 8.98135E-03
    28     4 1.50223E+00 1.13107E-03 1.87267E-03 0.00000E+00 7.68527E-04
 0.00000E+00 0.00000E+00 0.00000E+00 0.00000E+00
    29     1 2.53574E+00 2.62559E-05 2.17738E-05 0.00000E+00 8.12239E-06
 0.00000E+00 8.81592E-03 2.40419E-10 1.03243E-05
    29     2 1.63756E+00 8.92961E-05 3.22821E-05 0.00000E+00 1.32667E-05
 0.00000E+00 0.00000E+00 5.68566E-03 1.42792E-06
    29     3 1.60521E+00 8.27479E-04 1.66328E-04 0.00000E+00 6.82770E-05
 0.00000E+00 0.00000E+00 0.00000E+00 8.98135E-03
    29     4 1.50223E+00 1.13107E-03 1.87267E-03 0.00000E+00 7.68527E-04
 0.00000E+00 0.00000E+00 0.00000E+00 0.00000E+00
    30     1 2.53574E+00 2.62559E-05 2.17738E-05 0.00000E+00 8.12239E-06
 0.00000E+00 8.81592E-03 2.40419E-10 1.03243E-05
    30     2 1.63756E+00 8.92961E-05 3.22821E-05 0.00000E+00 1.32667E-05
 0.00000E+00 0.00000E+00 5.68566E-03 1.42792E-06
    30     3 1.60521E+00 8.27479E-04 1.66328E-04 0.00000E+00 6.82770E-05
 0.00000E+00 0.00000E+00 0.00000E+00 8.98135E-03
    30     4 1.50223E+00 1.13107E-03 1.87267E-03 0.00000E+00 7.68527E-04
 0.00000E+00 0.00000E+00 0.00000E+00 0.00000E+00
    31     1 2.53574E+00 2.62559E-05 2.17738E-05 0.00000E+00 8.12239E-06
 0.00000E+00 8.81592E-03 2.40419E-10 1.03243E-05
    31     2 1.63756E+00 8.92961E-05 3.22821E-05 0.00000E+00 1.32667E-05
 0.00000E+00 0.00000E+00 5.68566E-03 1.42792E-06
    31     3 1.60521E+00 8.27479E-04 1.66328E-04 0.00000E+00 6.82770E-05
 0.00000E+00 0.00000E+00 0.00000E+00 8.98135E-03
    31     4 1.50223E+00 1.13107E-03 1.87267E-03 0.00000E+00 7.68527E-04
 0.00000E+00 0.00000E+00 0.00000E+00 0.00000E+00
    32     1 2.53574E+00 2.62559E-05 2.17738E-05 0.00000E+00 8.12240E-06
 0.00000E+00 8.81592E-03 2.40419E-10 1.03243E-05
    32     2 1.63756E+00 8.92961E-05 3.22821E-05 0.00000E+00 1.32667E-05
 0.00000E+00 0.00000E+00 5.68566E-03 1.42792E-06
    32     3 1.60521E+00 8.27479E-04 1.66328E-04 0.00000E+00 6.82770E-05
 0.00000E+00 0.00000E+00 0.00000E+00 8.98135E-03
    32     4 1.50223E+00 1.13107E-03 1.87267E-03 0.00000E+00 7.68527E-04
 0.00000E+00 0.00000E+00 0.00000E+00 0.00000E+00
    33     1 2.53574E+00 2.62559E-05 2.17738E-05 0.00000E+00 8.12240E-06
 0.00000E+00 8.81592E-03 2.40419E-10 1.03243E-05
    33     2 1.63756E+00 8.92961E-05 3.22820E-05 0.00000E+00 1.32667E-05
 0.00000E+00 0.00000E+00 5.68566E-03 1.42792E-06
    33     3 1.60521E+00 8.27479E-04 1.66328E-04 0.00000E+00 6.82770E-05
 0.00000E+00 0.00000E+00 0.00000E+00 8.98135E-03
    33     4 1.50223E+00 1.13107E-03 1.87267E-03 0.00000E+00 7.68527E-04
 0.00000E+00 0.00000E+00 0.00000E+00 0.00000E+00
    34     1 2.53574E+00 2.62559E-05 2.17738E-05 0.00000E+00 8.12240E-06
 0.00000E+00 8.81592E-03 2.40419E-10 1.03243E-05
    34     2 1.63756E+00 8.92961E-05 3.22821E-05 0.00000E+00 1.32667E-05
 0.00000E+00 0.00000E+00 5.68566E-03 1.42792E-06
    34     3 1.60521E+00 8.27479E-04 1.66328E-04 0.00000E+00 6.82770E-05
 0.00000E+00 0.00000E+00 0.00000E+00 8.98135E-03
    34     4 1.50223E+00 1.13107E-03 1.87267E-03 0.00000E+00 7.68527E-04
 0.00000E+00 0.00000E+00 0.00000E+00 0.00000E+00
    35     1 2.53574E+00 2.62559E-05 2.17738E-05 0.00000E+00 8.12240E-06
 0.00000E+00 8.81592E-03 2.40419E-10 1.03243E-05
    35     2 1.63756E+00 8.92961E-05 3.22821E-05 0.00000E+00 1.32667E-05
 0.00000E+00 0.00000E+00 5.68566E-03 1.42792E-06
    35     3 1.60521E+00 8.27479E-04 1.66328E-04 0.00000E+00 6.82770E-05
 0.00000E+00 0.00000E+00 0.00000E+00 8.98135E-03
    35     4 1.50223E+00 1.13107E-03 1.87267E-03 0.00000E+00 7.68527E-04
 0.00000E+00 0.00000E+00 0.00000E+00 0.00000E+00
    36     1 2.53574E+00 2.62559E-05 2.17738E-05 0.00000E+00 8.12240E-06
 0.00000E+00 8.81592E-03 2.40419E-10 1.03243E-05
    36     2 1.63756E+00 8.92961E-05 3.22821E-05 0.00000E+00 1.32667E-05
 0.00000E+00 0.00000E+00 5.68566E-03 1.42792E-06
    36     3 1.60521E+00 8.27479E-04 1.66328E-04 0.00000E+00 6.82770E-05
 0.00000E+00 0.00000E+00 0.00000E+00 8.98135E-03
    36     4 1.50223E+00 1.13107E-03 1.87267E-03 0.00000E+00 7.68527E-04
 0.00000E+00 0.00000E+00 0.00000E+00 0.00000E+00
    37     1 2.53574E+00 2.62559E-05 2.17738E-05 0.00000E+00 8.12240E-06
 0.00000E+00 8.81592E-03 2.40419E-10 1.03243E-05
    37     2 1.63756E+00 8.92961E-05 3.22821E-05 0.00000E+00 1.32667E-05
 0.00000E+00 0.00000E+00 5.68566E-03 1.42792E-06
    37     3 1.60521E+00 8.27479E-04 1.66328E-04 0.00000E+00 6.82770E-05
 0.00000E+00 0.00000E+00 0.00000E+00 8.98135E-03
    37     4 1.50223E+00 1.13107E-03 1.87267E-03 0.00000E+00 7.68527E-04
 0.00000E+00 0.00000E+00 0.00000E+00 0.00000E+00
    38     1 2.53574E+00 2.62559E-05 2.17738E-05 0.00000E+00 8.12240E-06
 0.00000E+00 8.81590E-03 2.40420E-10 1.03243E-05
    38     2 1.63756E+00 8.92959E-05 3.22820E-05 0.00000E+00 1.32667E-05
 0.00000E+00 0.00000E+00 5.68565E-03 1.42793E-06
    38     3 1.60521E+00 8.27479E-04 1.66328E-04 0.00000E+00 6.82770E-05
 0.00000E+00 0.00000E+00 0.00000E+00 8.98134E-03
    38     4 1.50223E+00 1.13105E-03 1.87264E-03 0.00000E+00 7.68513E-04
 0.00000E+00 0.00000E+00 0.00000E+00 0.00000E+00
    39     1 2.53580E+00 2.62586E-05 2.17755E-05 0.00000E+00 8.12302E-06
 0.00000E+00 8.81462E-03 2.40443E-10 1.03233E-05
    39     2 1.63756E+00 8.92833E-05 3.22776E-05 0.00000E+00 1.32648E-05
 0.00000E+00 0.00000E+00 5.68399E-03 1.42829E-06
    39     3 1.60520E+00 8.27480E-04 1.66330E-04 0.00000E+00 6.82778E-05
 0.00000E+00 0.00000E+00 0.00000E+00 8.97974E-03
    39     4 1.50221E+00 1.13127E-03 1.87300E-03 0.00000E+00 7.68664E-04
 0.00000E+00 0.00000E+00 0.00000E+00 0.00000E+00
    40     1 2.53733E+00 2.63319E-05 2.18233E-05 0.00000E+00 8.14011E-06
 0.00000E+00 8.77951E-03 2.41099E-10 1.02964E-05
    40     2 1.63752E+00 8.89343E-05 3.21552E-05 0.00000E+00 1.32146E-05
 0.00000E+00 0.00000E+00 5.63836E-03 1.43827E-06
    40     3 1.60502E+00 8.27496E-04 1.66380E-04 0.00000E+00 6.82983E-05
 0.00000E+00 0.00000E+00 0.00000E+00 8.93579E-03
    40     4 1.50173E+00 1.13634E-03 1.88164E-03 0.00000E+00 7.72209E-04
 0.00000E+00 0.00000E+00 0.00000E+00 0.00000E+00
    41     1 2.53871E+00 2.63980E-05 2.18664E-05 0.00000E+00 8.15551E-06
 0.00000E+00 8.74797E-03 2.41690E-10 1.02721E-05
    41     2 1.63748E+00 8.86199E-05 3.20451E-05 0.00000E+00 1.31693E-05
 0.00000E+00 0.00000E+00 5.59739E-03 1.44732E-06
    41     3 1.60487E+00 8.27508E-04 1.66424E-04 0.00000E+00 6.83167E-05
 0.00000E+00 0.00000E+00 0.00000E+00 8.89624E-03
    41     4 1.50131E+00 1.14073E-03 1.88912E-03 0.00000E+00 7.75277E-04
 0.00000E+00 0.00000E+00 0.00000E+00 0.00000E+00
    42     1 2.53694E+00 2.63130E-05 2.18110E-05 0.00000E+00 8.13572E-06
 0.00000E+00 8.78853E-03 2.40931E-10 1.03033E-05
    42     2 1.63753E+00 8.90240E-05 3.21867E-05 0.00000E+00 1.32275E-05
 0.00000E+00 0.00000E+00 5.65008E-03 1.43570E-06
    42     3 1.60507E+00 8.27492E-04 1.66367E-04 0.00000E+00 6.82931E-05
 0.00000E+00 0.00000E+00 0.00000E+00 8.94708E-03
    42     4 1.50184E+00 1.13513E-03 1.87957E-03 0.00000E+00 7.71359E-04
 0.00000E+00 0.00000E+00 0.00000E+00 0.00000E+00
    43     1 2.53688E+00 2.63103E-05 2.18093E-05 0.00000E+00 8.13508E-06
 0.00000E+00 8.78985E-03 2.40906E-10 1.03043E-05
    43     2 1.63753E+00 8.90371E-05 3.21913E-05 0.00000E+00 1.32294E-05
 0.00000E+00 0.00000E+00 5.65178E-03 1.43533E-06
    43     3 1.60508E+00 8.27491E-04 1.66365E-04 0.00000E+00 6.82923E-05
 0.00000E+00 0.00000E+00 0.00000E+00 8.94873E-03
    43     4 1.50186E+00 1.13494E-03 1.87925E-03 0.00000E+00 7.71227E-04
 0.00000E+00 0.00000E+00 0.00000E+00 0.00000E+00
    44     1 2.53688E+00 2.63103E-05 2.18093E-05 0.00000E+00 8.13508E-06
 0.00000E+00 8.78984E-03 2.40906E-10 1.03043E-05
    44     2 1.63753E+00 8.90370E-05 3.21912E-05 0.00000E+00 1.32294E-05
 0.00000E+00 0.00000E+00 5.65177E-03 1.43533E-06
    44     3 1.60508E+00 8.27491E-04 1.66365E-04 0.00000E+00 6.82923E-05
 0.00000E+00 0.00000E+00 0.00000E+00 8.94872E-03
    44     4 1.50186E+00 1.13494E-03 1.87925E-03 0.00000E+00 7.71227E-04
 0.00000E+00 0.00000E+00 0.00000E+00 0.00000E+00
    45     1 2.53688E+00 2.63103E-05 2.18093E-05 0.00000E+00 8.13508E-06
 0.00000E+00 8.78984E-03 2.40906E-10 1.03043E-05
    45     2 1.63753E+00 8.90370E-05 3.21912E-05 0.00000E+00 1.32294E-05
 0.00000E+00 0.00000E+00 5.65177E-03 1.43533E-06
    45     3 1.60508E+00 8.27491E-04 1.66365E-04 0.00000E+00 6.82923E-05
 0.00000E+00 0.00000E+00 0.00000E+00 8.94871E-03
    45     4 1.50186E+00 1.13494E-03 1.87925E-03 0.00000E+00 7.71228E-04
 0.00000E+00 0.00000E+00 0.00000E+00 0.00000E+00
    46     1 2.53688E+00 2.63103E-05 2.18093E-05 0.00000E+00 8.13508E-06
 0.00000E+00 8.78984E-03 2.40906E-10 1.03043E-05
    46     2 1.63753E+00 8.90370E-05 3.21912E-05 0.00000E+00 1.32294E-05
 0.00000E+00 0.00000E+00 5.65177E-03 1.43533E-06
    46     3 1.60508E+00 8.27491E-04 1.66365E-04 0.00000E+00 6.82923E-05
 0.00000E+00 0.00000E+00 0.00000E+00 8.94871E-03
    46     4 1.50186E+00 1.13494E-03 1.87925E-03 0.00000E+00 7.71228E-04
 0.00000E+00 0.00000E+00 0.00000E+00 0.00000E+00
    47     1 2.53688E+00 2.63103E-05 2.18093E-05 0.00000E+00 8.13508E-06
 0.00000E+00 8.78983E-03 2.40906E-10 1.03043E-05
    47     2 1.63753E+00 8.90369E-05 3.21912E-05 0.00000E+00 1.32294E-05
 0.00000E+00 0.00000E+00 5.65176E-03 1.43533E-06
    47     3 1.60508E+00 8.27491E-04 1.66365E-04 0.00000E+00 6.82923E-05
 0.00000E+00 0.00000E+00 0.00000E+00 8.94871E-03
    47     4 1.50186E+00 1.13494E-03 1.87925E-03 0.00000E+00 7.71228E-04
 0.00000E+00 0.00000E+00 0.00000E+00 0.00000E+00
    48     1 2.53688E+00 2.63103E-05 2.18093E-05 0.00000E+00 8.13508E-06
 0.00000E+00 8.78984E-03 2.40906E-10 1.03043E-05
    48     2 1.63753E+00 8.90370E-05 3.21912E-05 0.00000E+00 1.32294E-05
 0.00000E+00 0.00000E+00 5.65177E-03 1.43533E-06
    48     3 1.60508E+00 8.27491E-04 1.66365E-04 0.00000E+00 6.82923E-05
 0.00000E+00 0.00000E+00 0.00000E+00 8.94871E-03
    48     4 1.50186E+00 1.13494E-03 1.87925E-03 0.00000E+00 7.71228E-04
 0.00000E+00 0.00000E+00 0.00000E+00 0.00000E+00
    49     1 2.53688E+00 2.63103E-05 2.18093E-05 0.00000E+00 8.13508E-06
 0.00000E+00 8.78983E-03 2.40906E-10 1.03043E-05
    49     2 1.63753E+00 8.90370E-05 3.21912E-05 0.00000E+00 1.32294E-05
 0.00000E+00 0.00000E+00 5.65177E-03 1.43533E-06
    49     3 1.60508E+00 8.27491E-04 1.66365E-04 0.00000E+00 6.82923E-05
 0.00000E+00 0.00000E+00 0.00000E+00 8.94871E-03
    49     4 1.50186E+00 1.13494E-03 1.87925E-03 0.00000E+00 7.71228E-04
 0.00000E+00 0.00000E+00 0.00000E+00 0.00000E+00
    50     1 2.53688E+00 2.63103E-05 2.18093E-05 0.00000E+00 8.13508E-06
 0.00000E+00 8.78984E-03 2.40906E-10 1.03043E-05
    50     2 1.63753E+00 8.90370E-05 3.21912E-05 0.00000E+00 1.32294E-05
 0.00000E+00 0.00000E+00 5.65177E-03 1.43533E-06
    50     3 1.60508E+00 8.27491E-04 1.66365E-04 0.00000E+00 6.82923E-05
 0.00000E+00 0.00000E+00 0.00000E+00 8.94871E-03
    50     4 1.50186E+00 1.13494E-03 1.87925E-03 0.00000E+00 7.71228E-04
 0.00000E+00 0.00000E+00 0.00000E+00 0.00000E+00
    51     1 2.53688E+00 2.63103E-05 2.18093E-05 0.00000E+00 8.13508E-06
 0.00000E+00 8.78983E-03 2.40906E-10 1.03043E-05
    51     2 1.63753E+00 8.90369E-05 3.21912E-05 0.00000E+00 1.32294E-05
 0.00000E+00 0.00000E+00 5.65176E-03 1.43533E-06
    51     3 1.60508E+00 8.27491E-04 1.66365E-04 0.00000E+00 6.82923E-05
 0.00000E+00 0.00000E+00 0.00000E+00 8.94871E-03
    51     4 1.50186E+00 1.13494E-03 1.87925E-03 0.00000E+00 7.71228E-04
 0.00000E+00 0.00000E+00 0.00000E+00 0.00000E+00
    52     1 2.53688E+00 2.63103E-05 2.18093E-05 0.00000E+00 8.13508E-06
 0.00000E+00 8.78983E-03 2.40906E-10 1.03043E-05
    52     2 1.63753E+00 8.90369E-05 3.21912E-05 0.00000E+00 1.32294E-05
 0.00000E+00 0.00000E+00 5.65176E-03 1.43533E-06
    52     3 1.60508E+00 8.27492E-04 1.66365E-04 0.00000E+00 6.82923E-05
 0.00000E+00 0.00000E+00 0.00000E+00 8.94871E-03
    52     4 1.50186E+00 1.13494E-03 1.87925E-03 0.00000E+00 7.71228E-04
 0.00000E+00 0.00000E+00 0.00000E+00 0.00000E+00
    53     1 2.53688E+00 2.63103E-05 2.18093E-05 0.00000E+00 8.13508E-06
 0.00000E+00 8.78983E-03 2.40906E-10 1.03043E-05
    53     2 1.63753E+00 8.90369E-05 3.21912E-05 0.00000E+00 1.32294E-05
 0.00000E+00 0.00000E+00 5.65176E-03 1.43533E-06
    53     3 1.60508E+00 8.27491E-04 1.66365E-04 0.00000E+00 6.82923E-05
 0.00000E+00 0.00000E+00 0.00000E+00 8.94871E-03
    53     4 1.50186E+00 1.13494E-03 1.87925E-03 0.00000E+00 7.71228E-04
 0.00000E+00 0.00000E+00 0.00000E+00 0.00000E+00
    54     1 2.53688E+00 2.63103E-05 2.18093E-05 0.00000E+00 8.13509E-06
 0.00000E+00 8.78983E-03 2.40906E-10 1.03043E-05
    54     2 1.63753E+00 8.90369E-05 3.21912E-05 0.00000E+00 1.32294E-05
 0.00000E+00 0.00000E+00 5.65176E-03 1.43533E-06
    54     3 1.60508E+00 8.27492E-04 1.66365E-04 0.00000E+00 6.82923E-05
 0.00000E+00 0.00000E+00 0.00000E+00 8.94871E-03
    54     4 1.50186E+00 1.13494E-03 1.87925E-03 0.00000E+00 7.71228E-04
 0.00000E+00 0.00000E+00 0.00000E+00 0.00000E+00
    55     1 2.53688E+00 2.63103E-05 2.18093E-05 0.00000E+00 8.13509E-06
 0.00000E+00 8.78983E-03 2.40906E-10 1.03043E-05
    55     2 1.63753E+00 8.90369E-05 3.21912E-05 0.00000E+00 1.32294E-05
 0.00000E+00 0.00000E+00 5.65176E-03 1.43533E-06
    55     3 1.60508E+00 8.27492E-04 1.66365E-04 0.00000E+00 6.82923E-05
 0.00000E+00 0.00000E+00 0.00000E+00 8.94871E-03
    55     4 1.50186E+00 1.13494E-03 1.87925E-03 0.00000E+00 7.71228E-04
 0.00000E+00 0.00000E+00 0.00000E+00 0.00000E+00
    56     1 2.53688E+00 2.63103E-05 2.18093E-05 0.00000E+00 8.13508E-06
 0.00000E+00 8.78983E-03 2.40906E-10 1.03043E-05
    56     2 1.63753E+00 8.90369E-05 3.21912E-05 0.00000E+00 1.32294E-05
 0.00000E+00 0.00000E+00 5.65176E-03 1.43533E-06
    56     3 1.60508E+00 8.27491E-04 1.66365E-04 0.00000E+00 6.82923E-05
 0.00000E+00 0.00000E+00 0.00000E+00 8.94871E-03
    56     4 1.50186E+00 1.13494E-03 1.87925E-03 0.00000E+00 7.71228E-04
 0.00000E+00 0.00000E+00 0.00000E+00 0.00000E+00
    57     1 2.53688E+00 2.63103E-05 2.18093E-05 0.00000E+00 8.13508E-06
 0.00000E+00 8.78984E-03 2.40906E-10 1.03043E-05
    57     2 1.63753E+00 8.90370E-05 3.21912E-05 0.00000E+00 1.32294E-05
 0.00000E+00 0.00000E+00 5.65177E-03 1.43533E-06
    57     3 1.60508E+00 8.27491E-04 1.66365E-04 0.00000E+00 6.82923E-05
 0.00000E+00 0.00000E+00 0.00000E+00 8.94872E-03
    57     4 1.50186E+00 1.13494E-03 1.87925E-03 0.00000E+00 7.71227E-04
 0.00000E+00 0.00000E+00 0.00000E+00 0.00000E+00
    58     1 2.53688E+00 2.63102E-05 2.18092E-05 0.00000E+00 8.13507E-06
 0.00000E+00 8.78986E-03 2.40906E-10 1.03043E-05
    58     2 1.63753E+00 8.90371E-05 3.21913E-05 0.00000E+00 1.32294E-05
 0.00000E+00 0.00000E+00 5.65179E-03 1.43533E-06
    58     3 1.60508E+00 8.27491E-04 1.66365E-04 0.00000E+00 6.82923E-05
 0.00000E+00 0.00000E+00 0.00000E+00 8.94873E-03
    58     4 1.50186E+00 1.13494E-03 1.87925E-03 0.00000E+00 7.71227E-04
 0.00000E+00 0.00000E+00 0.00000E+00 0.00000E+00
    59     1 2.53692E+00 2.63125E-05 2.18107E-05 0.00000E+00 8.13560E-06
 0.00000E+00 8.78878E-03 2.40926E-10 1.03035E-05
    59     2 1.63753E+00 8.90264E-05 3.21875E-05 0.00000E+00 1.32279E-05
 0.00000E+00 0.00000E+00 5.65039E-03 1.43563E-06
    59     3 1.60507E+00 8.27492E-04 1.66366E-04 0.00000E+00 6.82929E-05
 0.00000E+00 0.00000E+00 0.00000E+00 8.94738E-03
    59     4 1.50185E+00 1.13509E-03 1.87951E-03 0.00000E+00 7.71335E-04
 0.00000E+00 0.00000E+00 0.00000E+00 0.00000E+00
    60     1 2.53841E+00 2.63834E-05 2.18569E-05 0.00000E+00 8.15212E-06
 0.00000E+00 8.75490E-03 2.41560E-10 1.02774E-05
    60     2 1.63749E+00 8.86891E-05 3.20693E-05 0.00000E+00 1.31793E-05
 0.00000E+00 0.00000E+00 5.60639E-03 1.44532E-06
    60     3 1.60490E+00 8.27505E-04 1.66414E-04 0.00000E+00 6.83127E-05
 0.00000E+00 0.00000E+00 0.00000E+00 8.90493E-03
    60     4 1.50140E+00 1.13980E-03 1.88753E-03 0.00000E+00 7.74625E-04
 0.00000E+00 0.00000E+00 0.00000E+00 0.00000E+00
    61     1 2.54152E+00 2.65330E-05 2.19542E-05 0.00000E+00 8.18689E-06
 0.00000E+00 8.68396E-03 2.42894E-10 1.02228E-05
    61     2 1.63741E+00 8.79798E-05 3.18208E-05 0.00000E+00 1.30772E-05
 0.00000E+00 0.00000E+00 5.51434E-03 1.46587E-06
    61     3 1.60454E+00 8.27524E-04 1.66514E-04 0.00000E+00 6.83537E-05
 0.00000E+00 0.00000E+00 0.00000E+00 8.81584E-03
    61     4 1.50055E+00 1.14857E-03 1.90247E-03 0.00000E+00 7.80757E-04
 0.00000E+00 0.00000E+00 0.00000E+00 0.00000E+00
    62     1 2.53983E+00 2.64517E-05 2.19014E-05 0.00000E+00 8.16801E-06
 0.00000E+00 8.72241E-03 2.42170E-10 1.02524E-05
    62     2 1.63746E+00 8.83648E-05 3.19557E-05 0.00000E+00 1.31326E-05
 0.00000E+00 0.00000E+00 5.56422E-03 1.45469E-06
    62     3 1.60474E+00 8.27516E-04 1.66460E-04 0.00000E+00 6.83315E-05
 0.00000E+00 0.00000E+00 0.00000E+00 8.86417E-03
    62     4 1.50100E+00 1.14394E-03 1.89458E-03 0.00000E+00 7.77517E-04
 0.00000E+00 0.00000E+00 0.00000E+00 0.00000E+00
    63     1 2.53979E+00 2.64498E-05 2.19001E-05 0.00000E+00 8.16755E-06
 0.00000E+00 8.72336E-03 2.42152E-10 1.02532E-05
    63     2 1.63746E+00 8.83742E-05 3.19590E-05 0.00000E+00 1.31340E-05
 0.00000E+00 0.00000E+00 5.56544E-03 1.45442E-06
    63     3 1.60474E+00 8.27515E-04 1.66459E-04 0.00000E+00 6.83310E-05
 0.00000E+00 0.00000E+00 0.00000E+00 8.86535E-03
    63     4 1.50101E+00 1.14384E-03 1.89440E-03 0.00000E+00 7.77446E-04
 0.00000E+00 0.00000E+00 0.00000E+00 0.00000E+00
    64     1 2.53979E+00 2.64499E-05 2.19002E-05 0.00000E+00 8.16758E-06
 0.00000E+00 8.72331E-03 2.42153E-10 1.02531E-05
    64     2 1.63746E+00 8.83736E-05 3.19588E-05 0.00000E+00 1.31339E-05
 0.00000E+00 0.00000E+00 5.56538E-03 1.45443E-06
    64     3 1.60474E+00 8.27515E-04 1.66459E-04 0.00000E+00 6.83310E-05
 0.00000E+00 0.00000E+00 0.00000E+00 8.86528E-03
    64     4 1.50101E+00 1.14384E-03 1.89441E-03 0.00000E+00 7.77449E-04
 0.00000E+00 0.00000E+00 0.00000E+00 0.00000E+00
    65     1 2.53979E+00 2.64499E-05 2.19002E-05 0.00000E+00 8.16759E-06
 0.00000E+00 8.72328E-03 2.42154E-10 1.02531E-05
    65     2 1.63746E+00 8.83734E-05 3.19587E-05 0.00000E+00 1.31339E-05
 0.00000E+00 0.00000E+00 5.56535E-03 1.45444E-06
    65     3 1.60474E+00 8.27515E-04 1.66459E-04 0.00000E+00 6.83310E-05
 0.00000E+00 0.00000E+00 0.00000E+00 8.86525E-03
    65     4 1.50101E+00 1.14384E-03 1.89442E-03 0.00000E+00 7.77452E-04
 0.00000E+00 0.00000E+00 0.00000E+00 0.00000E+00
    66     1 2.53979E+00 2.64499E-05 2.19002E-05 0.00000E+00 8.16759E-06
 0.00000E+00 8.72328E-03 2.42154E-10 1.02531E-05
    66     2 1.63746E+00 8.83734E-05 3.19587E-05 0.00000E+00 1.31339E-05
 0.00000E+00 0.00000E+00 5.56535E-03 1.45444E-06
    66     3 1.60474E+00 8.27515E-04 1.66459E-04 0.00000E+00 6.83310E-05
 0.00000E+00 0.00000E+00 0.00000E+00 8.86526E-03
    66     4 1.50101E+00 1.14384E-03 1.89442E-03 0.00000E+00 7.77452E-04
 0.00000E+00 0.00000E+00 0.00000E+00 0.00000E+00
    67     1 2.53979E+00 2.64499E-05 2.19002E-05 0.00000E+00 8.16759E-06
 0.00000E+00 8.72328E-03 2.42154E-10 1.02531E-05
    67     2 1.63746E+00 8.83734E-05 3.19587E-05 0.00000E+00 1.31339E-05
 0.00000E+00 0.00000E+00 5.56535E-03 1.45444E-06
    67     3 1.60474E+00 8.27515E-04 1.66459E-04 0.00000E+00 6.83310E-05
 0.00000E+00 0.00000E+00 0.00000E+00 8.86526E-03
    67     4 1.50101E+00 1.14384E-03 1.89442E-03 0.00000E+00 7.77452E-04
 0.00000E+00 0.00000E+00 0.00000E+00 0.00000E+00
    68     1 2.53979E+00 2.64499E-05 2.19002E-05 0.00000E+00 8.16759E-06
 0.00000E+00 8.72328E-03 2.42154E-10 1.02531E-05
    68     2 1.63746E+00 8.83734E-05 3.19587E-05 0.00000E+00 1.31339E-05
 0.00000E+00 0.00000E+00 5.56535E-03 1.45444E-06
    68     3 1.60474E+00 8.27515E-04 1.66459E-04 0.00000E+00 6.83310E-05
 0.00000E+00 0.00000E+00 0.00000E+00 8.86526E-03
    68     4 1.50101E+00 1.14384E-03 1.89442E-03 0.00000E+00 7.77452E-04
 0.00000E+00 0.00000E+00 0.00000E+00 0.00000E+00
    69     1 2.53979E+00 2.64499E-05 2.19002E-05 0.00000E+00 8.16759E-06
 0.00000E+00 8.72328E-03 2.42154E-10 1.02531E-05
    69     2 1.63746E+00 8.83734E-05 3.19587E-05 0.00000E+00 1.31339E-05
 0.00000E+00 0.00000E+00 5.56535E-03 1.45444E-06
    69     3 1.60474E+00 8.27515E-04 1.66459E-04 0.00000E+00 6.83310E-05
 0.00000E+00 0.00000E+00 0.00000E+00 8.86526E-03
    69     4 1.50101E+00 1.14384E-03 1.89442E-03 0.00000E+00 7.77452E-04
 0.00000E+00 0.00000E+00 0.00000E+00 0.00000E+00
    70     1 2.53979E+00 2.64499E-05 2.19002E-05 0.00000E+00 8.16759E-06
 0.00000E+00 8.72328E-03 2.42154E-10 1.02531E-05
    70     2 1.63746E+00 8.83734E-05 3.19587E-05 0.00000E+00 1.31339E-05
 0.00000E+00 0.00000E+00 5.56535E-03 1.45444E-06
    70     3 1.60474E+00 8.27515E-04 1.66459E-04 0.00000E+00 6.83310E-05
 0.00000E+00 0.00000E+00 0.00000E+00 8.86526E-03
    70     4 1.50101E+00 1.14384E-03 1.89442E-03 0.00000E+00 7.77452E-04
 0.00000E+00 0.00000E+00 0.00000E+00 0.00000E+00
    71     1 2.53979E+00 2.64499E-05 2.19002E-05 0.00000E+00 8.16759E-06
 0.00000E+00 8.72328E-03 2.42154E-10 1.02531E-05
    71     2 1.63746E+00 8.83734E-05 3.19587E-05 0.00000E+00 1.31339E-05
 0.00000E+00 0.00000E+00 5.56535E-03 1.45444E-06
    71     3 1.60474E+00 8.27515E-04 1.66459E-04 0.00000E+00 6.83310E-05
 0.00000E+00 0.00000E+00 0.00000E+00 8.86526E-03
    71     4 1.50101E+00 1.14384E-03 1.89442E-03 0.00000E+00 7.77452E-04
 0.00000E+00 0.00000E+00 0.00000E+00 0.00000E+00
    72     1 2.53979E+00 2.64499E-05 2.19002E-05 0.00000E+00 8.16759E-06
 0.00000E+00 8.72328E-03 2.42154E-10 1.02531E-05
    72     2 1.63746E+00 8.83734E-05 3.19587E-05 0.00000E+00 1.31339E-05
 0.00000E+00 0.00000E+00 5.56535E-03 1.45444E-06
    72     3 1.60474E+00 8.27515E-04 1.66459E-04 0.00000E+00 6.83310E-05
 0.00000E+00 0.00000E+00 0.00000E+00 8.86526E-03
    72     4 1.50101E+00 1.14384E-03 1.89442E-03 0.00000E+00 7.77452E-04
 0.00000E+00 0.00000E+00 0.00000E+00 0.00000E+00
    73     1 2.53979E+00 2.64499E-05 2.19002E-05 0.00000E+00 8.16759E-06
 0.00000E+00 8.72328E-03 2.42154E-10 1.02531E-05
    73     2 1.63746E+00 8.83734E-05 3.19587E-05 0.00000E+00 1.31338E-05
 0.00000E+00 0.00000E+00 5.56534E-03 1.45444E-06
    73     3 1.60474E+00 8.27515E-04 1.66459E-04 0.00000E+00 6.83310E-05
 0.00000E+00 0.00000E+00 0.00000E+00 8.86525E-03
    73     4 1.50101E+00 1.14384E-03 1.89442E-03 0.00000E+00 7.77452E-04
 0.00000E+00 0.00000E+00 0.00000E+00 0.00000E+00
    74     1 2.53979E+00 2.64499E-05 2.19002E-05 0.00000E+00 8.16759E-06
 0.00000E+00 8.72328E-03 2.42154E-10 1.02531E-05
    74     2 1.63746E+00 8.83734E-05 3.19587E-05 0.00000E+00 1.31338E-05
 0.00000E+00 0.00000E+00 5.56534E-03 1.45444E-06
    74     3 1.60474E+00 8.27515E-04 1.66459E-04 0.00000E+00 6.83310E-05
 0.00000E+00 0.00000E+00 0.00000E+00 8.86525E-03
    74     4 1.50101E+00 1.14384E-03 1.89442E-03 0.00000E+00 7.77452E-04
 0.00000E+00 0.00000E+00 0.00000E+00 0.00000E+00
    75     1 2.53979E+00 2.64499E-05 2.19002E-05 0.00000E+00 8.16759E-06
 0.00000E+00 8.72328E-03 2.42154E-10 1.02531E-05
    75     2 1.63746E+00 8.83734E-05 3.19587E-05 0.00000E+00 1.31338E-05
 0.00000E+00 0.00000E+00 5.56534E-03 1.45444E-06
    75     3 1.60474E+00 8.27515E-04 1.66459E-04 0.00000E+00 6.83310E-05
 0.00000E+00 0.00000E+00 0.00000E+00 8.86525E-03
    75     4 1.50101E+00 1.14384E-03 1.89442E-03 0.00000E+00 7.77452E-04
 0.00000E+00 0.00000E+00 0.00000E+00 0.00000E+00
    76     1 2.53979E+00 2.64499E-05 2.19002E-05 0.00000E+00 8.16759E-06
 0.00000E+00 8.72328E-03 2.42154E-10 1.02531E-05
    76     2 1.63746E+00 8.83734E-05 3.19587E-05 0.00000E+00 1.31339E-05
 0.00000E+00 0.00000E+00 5.56535E-03 1.45444E-06
    76     3 1.60474E+00 8.27515E-04 1.66459E-04 0.00000E+00 6.83310E-05
 0.00000E+00 0.00000E+00 0.00000E+00 8.86526E-03
    76     4 1.50101E+00 1.14384E-03 1.89442E-03 0.00000E+00 7.77452E-04
 0.00000E+00 0.00000E+00 0.00000E+00 0.00000E+00
    77     1 2.53979E+00 2.64499E-05 2.19002E-05 0.00000E+00 8.16758E-06
 0.00000E+00 8.72330E-03 2.42153E-10 1.02531E-05
    77     2 1.63746E+00 8.83736E-05 3.19588E-05 0.00000E+00 1.31339E-05
 0.00000E+00 0.00000E+00 5.56537E-03 1.45443E-06
    77     3 1.60474E+00 8.27515E-04 1.66459E-04 0.00000E+00 6.83310E-05
 0.00000E+00 0.00000E+00 0.00000E+00 8.86528E-03
    77     4 1.50101E+00 1.14384E-03 1.89441E-03 0.00000E+00 7.77451E-04
 0.00000E+00 0.00000E+00 0.00000E+00 0.00000E+00
    78     1 2.53979E+00 2.64497E-05 2.19001E-05 0.00000E+00 8.16755E-06
 0.00000E+00 8.72336E-03 2.42152E-10 1.02532E-05
    78     2 1.63746E+00 8.83742E-05 3.19590E-05 0.00000E+00 1.31340E-05
 0.00000E+00 0.00000E+00 5.56545E-03 1.45442E-06
    78     3 1.60474E+00 8.27515E-04 1.66459E-04 0.00000E+00 6.83310E-05
 0.00000E+00 0.00000E+00 0.00000E+00 8.86535E-03
    78     4 1.50101E+00 1.14384E-03 1.89440E-03 0.00000E+00 7.77446E-04
 0.00000E+00 0.00000E+00 0.00000E+00 0.00000E+00
    79     1 2.53982E+00 2.64512E-05 2.19011E-05 0.00000E+00 8.16789E-06
 0.00000E+00 8.72265E-03 2.42165E-10 1.02526E-05
    79     2 1.63746E+00 8.83672E-05 3.19565E-05 0.00000E+00 1.31330E-05
 0.00000E+00 0.00000E+00 5.56454E-03 1.45462E-06
    79     3 1.60474E+00 8.27515E-04 1.66460E-04 0.00000E+00 6.83314E-05
 0.00000E+00 0.00000E+00 0.00000E+00 8.86447E-03
    79     4 1.50100E+00 1.14391E-03 1.89454E-03 0.00000E+00 7.77501E-04
 0.00000E+00 0.00000E+00 0.00000E+00 0.00000E+00
    80     1 2.54121E+00 2.65184E-05 2.19447E-05 0.00000E+00 8.18350E-06
 0.00000E+00 8.69086E-03 2.42764E-10 1.02281E-05
    80     2 1.63742E+00 8.80489E-05 3.18450E-05 0.00000E+00 1.30872E-05
 0.00000E+00 0.00000E+00 5.52329E-03 1.46386E-06
    80     3 1.60458E+00 8.27523E-04 1.66505E-04 0.00000E+00 6.83498E-05
 0.00000E+00 0.00000E+00 0.00000E+00 8.82451E-03
    80     4 1.50064E+00 1.14772E-03 1.90102E-03 0.00000E+00 7.80164E-04
 0.00000E+00 0.00000E+00 0.00000E+00 0.00000E+00
    81     1 2.54809E+00 2.68494E-05 2.21594E-05 0.00000E+00 8.26021E-06
 0.00000E+00 8.53590E-03 2.45704E-10 1.01083E-05
    81     2 1.63725E+00 8.64864E-05 3.12980E-05 0.00000E+00 1.28625E-05
 0.00000E+00 0.00000E+00 5.32265E-03 1.50990E-06
    81     3 1.60378E+00 8.27523E-04 1.66719E-04 0.00000E+00 6.84380E-05
 0.00000E+00 0.00000E+00 0.00000E+00 8.62898E-03
    81     4 1.49909E+00 1.16400E-03 1.92873E-03 0.00000E+00 7.91535E-04
 0.00000E+00 0.00000E+00 0.00000E+00 0.00000E+00
    82     1 2.54650E+00 2.67729E-05 2.21099E-05 0.00000E+00 8.24252E-06
 0.00000E+00 8.57144E-03 2.45026E-10 1.01358E-05
    82     2 1.63729E+00 8.68464E-05 3.14240E-05 0.00000E+00 1.29142E-05
 0.00000E+00 0.00000E+00 5.36860E-03 1.49919E-06
    82     3 1.60397E+00 8.27528E-04 1.66670E-04 0.00000E+00 6.84180E-05
 0.00000E+00 0.00000E+00 0.00000E+00 8.67394E-03
    82     4 1.49943E+00 1.16041E-03 1.92263E-03 0.00000E+00 7.89029E-04
 0.00000E+00 0.00000E+00 0.00000E+00 0.00000E+00
    83     1 2.54649E+00 2.67722E-05 2.21094E-05 0.00000E+00 8.24235E-06
 0.00000E+00 8.57178E-03 2.45020E-10 1.01361E-05
    83     2 1.63729E+00 8.68499E-05 3.14252E-05 0.00000E+00 1.29147E-05
 0.00000E+00 0.00000E+00 5.36904E-03 1.49909E-06
    83     3 1.60397E+00 8.27528E-04 1.66670E-04 0.00000E+00 6.84178E-05
 0.00000E+00 0.00000E+00 0.00000E+00 8.67437E-03
    83     4 1.49943E+00 1.16049E-03 1.92276E-03 0.00000E+00 7.89083E-04
 0.00000E+00 0.00000E+00 0.00000E+00 0.00000E+00
    84     1 2.54649E+00 2.67725E-05 2.21096E-05 0.00000E+00 8.24242E-06
 0.00000E+00 8.57163E-03 2.45022E-10 1.01360E-05
    84     2 1.63729E+00 8.68484E-05 3.14247E-05 0.00000E+00 1.29145E-05
 0.00000E+00 0.00000E+00 5.36885E-03 1.49913E-06
    84     3 1.60397E+00 8.27528E-04 1.66670E-04 0.00000E+00 6.84179E-05
 0.00000E+00 0.00000E+00 0.00000E+00 8.67418E-03
    84     4 1.49943E+00 1.16038E-03 1.92257E-03 0.00000E+00 7.89006E-04
 0.00000E+00 0.00000E+00 0.00000E+00 0.00000E+00
    85     1 2.54650E+00 2.67726E-05 2.21096E-05 0.00000E+00 8.24243E-06
 0.00000E+00 8.57161E-03 2.45023E-10 1.01360E-05
    85     2 1.63729E+00 8.68481E-05 3.14246E-05 0.00000E+00 1.29145E-05
 0.00000E+00 0.00000E+00 5.36882E-03 1.49914E-06
    85     3 1.60397E+00 8.27528E-04 1.66670E-04 0.00000E+00 6.84179E-05
 0.00000E+00 0.00000E+00 0.00000E+00 8.67414E-03
    85     4 1.49943E+00 1.16038E-03 1.92258E-03 0.00000E+00 7.89008E-04
 0.00000E+00 0.00000E+00 0.00000E+00 0.00000E+00
    86     1 2.54650E+00 2.67726E-05 2.21097E-05 0.00000E+00 8.24244E-06
 0.00000E+00 8.57160E-03 2.45023E-10 1.01360E-05
    86     2 1.63729E+00 8.68480E-05 3.14246E-05 0.00000E+00 1.29145E-05
 0.00000E+00 0.00000E+00 5.36881E-03 1.49914E-06
    86     3 1.60397E+00 8.27528E-04 1.66670E-04 0.00000E+00 6.84179E-05
 0.00000E+00 0.00000E+00 0.00000E+00 8.67414E-03
    86     4 1.49943E+00 1.16038E-03 1.92258E-03 0.00000E+00 7.89008E-04
 0.00000E+00 0.00000E+00 0.00000E+00 0.00000E+00
    87     1 2.54650E+00 2.67726E-05 2.21097E-05 0.00000E+00 8.24244E-06
 0.00000E+00 8.57160E-03 2.45023E-10 1.01360E-05
    87     2 1.63729E+00 8.68479E-05 3.14246E-05 0.00000E+00 1.29145E-05
 0.00000E+00 0.00000E+00 5.36880E-03 1.49914E-06
    87     3 1.60397E+00 8.27528E-04 1.66670E-04 0.00000E+00 6.84179E-05
 0.00000E+00 0.00000E+00 0.00000E+00 8.67413E-03
    87     4 1.49943E+00 1.16038E-03 1.92258E-03 0.00000E+00 7.89009E-04
 0.00000E+00 0.00000E+00 0.00000E+00 0.00000E+00
    88     1 2.54650E+00 2.67726E-05 2.21097E-05 0.00000E+00 8.24244E-06
 0.00000E+00 8.57160E-03 2.45023E-10 1.01360E-05
    88     2 1.63729E+00 8.68479E-05 3.14246E-05 0.00000E+00 1.29145E-05
 0.00000E+00 0.00000E+00 5.36880E-03 1.49914E-06
    88     3 1.60397E+00 8.27528E-04 1.66670E-04 0.00000E+00 6.84179E-05
 0.00000E+00 0.00000E+00 0.00000E+00 8.67413E-03
    88     4 1.49943E+00 1.16038E-03 1.92258E-03 0.00000E+00 7.89009E-04
 0.00000E+00 0.00000E+00 0.00000E+00 0.00000E+00
    89     1 2.54650E+00 2.67726E-05 2.21097E-05 0.00000E+00 8.24244E-06
 0.00000E+00 8.57160E-03 2.45023E-10 1.01360E-05
    89     2 1.63729E+00 8.68479E-05 3.14246E-05 0.00000E+00 1.29145E-05
 0.00000E+00 0.00000E+00 5.36880E-03 1.49914E-06
    89     3 1.60397E+00 8.27528E-04 1.66670E-04 0.00000E+00 6.84179E-05
 0.00000E+00 0.00000E+00 0.00000E+00 8.67413E-03
    89     4 1.49943E+00 1.16038E-03 1.92258E-03 0.00000E+00 7.89009E-04
 0.00000E+00 0.00000E+00 0.00000E+00 0.00000E+00
    90     1 2.54650E+00 2.67726E-05 2.21097E-05 0.00000E+00 8.24244E-06
 0.00000E+00 8.57160E-03 2.45023E-10 1.01360E-05
    90     2 1.63729E+00 8.68479E-05 3.14246E-05 0.00000E+00 1.29145E-05
 0.00000E+00 0.00000E+00 5.36880E-03 1.49914E-06
    90     3 1.60397E+00 8.27528E-04 1.66670E-04 0.00000E+00 6.84179E-05
 0.00000E+00 0.00000E+00 0.00000E+00 8.67413E-03
    90     4 1.49943E+00 1.16038E-03 1.92258E-03 0.00000E+00 7.89009E-04
 0.00000E+00 0.00000E+00 0.00000E+00 0.00000E+00
    91     1 2.54650E+00 2.67726E-05 2.21097E-05 0.00000E+00 8.24244E-06
 0.00000E+00 8.57160E-03 2.45023E-10 1.01360E-05
    91     2 1.63729E+00 8.68479E-05 3.14246E-05 0.00000E+00 1.29145E-05
 0.00000E+00 0.00000E+00 5.36880E-03 1.49914E-06
    91     3 1.60397E+00 8.27528E-04 1.66670E-04 0.00000E+00 6.84179E-05
 0.00000E+00 0.00000E+00 0.00000E+00 8.67413E-03
    91     4 1.49943E+00 1.16038E-03 1.92258E-03 0.00000E+00 7.89009E-04
 0.00000E+00 0.00000E+00 0.00000E+00 0.00000E+00
    92     1 2.54650E+00 2.67726E-05 2.21097E-05 0.00000E+00 8.24244E-06
 0.00000E+00 8.57159E-03 2.45023E-10 1.01359E-05
    92     2 1.63729E+00 8.68480E-05 3.14246E-05 0.00000E+00 1.29145E-05
 0.00000E+00 0.00000E+00 5.36880E-03 1.49914E-06
    92     3 1.60397E+00 8.27528E-04 1.66670E-04 0.00000E+00 6.84179E-05
 0.00000E+00 0.00000E+00 0.00000E+00 8.67413E-03
    92     4 1.49943E+00 1.16038E-03 1.92258E-03 0.00000E+00 7.89009E-04
 0.00000E+00 0.00000E+00 0.00000E+00 0.00000E+00
    93     1 2.54650E+00 2.67726E-05 2.21097E-05 0.00000E+00 8.24244E-06
 0.00000E+00 8.57159E-03 2.45023E-10 1.01359E-05
    93     2 1.63729E+00 8.68480E-05 3.14246E-05 0.00000E+00 1.29145E-05
 0.00000E+00 0.00000E+00 5.36880E-03 1.49914E-06
    93     3 1.60397E+00 8.27528E-04 1.66670E-04 0.00000E+00 6.84179E-05
 0.00000E+00 0.00000E+00 0.00000E+00 8.67413E-03
    93     4 1.49943E+00 1.16038E-03 1.92258E-03 0.00000E+00 7.89009E-04
 0.00000E+00 0.00000E+00 0.00000E+00 0.00000E+00
    94     1 2.54650E+00 2.67726E-05 2.21097E-05 0.00000E+00 8.24244E-06
 0.00000E+00 8.57159E-03 2.45023E-10 1.01359E-05
    94     2 1.63729E+00 8.68480E-05 3.14246E-05 0.00000E+00 1.29145E-05
 0.00000E+00 0.00000E+00 5.36880E-03 1.49914E-06
    94     3 1.60397E+00 8.27528E-04 1.66670E-04 0.00000E+00 6.84179E-05
 0.00000E+00 0.00000E+00 0.00000E+00 8.67413E-03
    94     4 1.49943E+00 1.16038E-03 1.92258E-03 0.00000E+00 7.89009E-04
 0.00000E+00 0.00000E+00 0.00000E+00 0.00000E+00
    95     1 2.54650E+00 2.67726E-05 2.21097E-05 0.00000E+00 8.24244E-06
 0.00000E+00 8.57159E-03 2.45023E-10 1.01359E-05
    95     2 1.63729E+00 8.68480E-05 3.14246E-05 0.00000E+00 1.29145E-05
 0.00000E+00 0.00000E+00 5.36880E-03 1.49914E-06
    95     3 1.60397E+00 8.27528E-04 1.66670E-04 0.00000E+00 6.84179E-05
 0.00000E+00 0.00000E+00 0.00000E+00 8.67413E-03
    95     4 1.49943E+00 1.16038E-03 1.92258E-03 0.00000E+00 7.89009E-04
 0.00000E+00 0.00000E+00 0.00000E+00 0.00000E+00
    96     1 2.54650E+00 2.67726E-05 2.21096E-05 0.00000E+00 8.24243E-06
 0.00000E+00 8.57160E-03 2.45023E-10 1.01360E-05
    96     2 1.63729E+00 8.68481E-05 3.14246E-05 0.00000E+00 1.29145E-05
 0.00000E+00 0.00000E+00 5.36882E-03 1.49914E-06
    96     3 1.60397E+00 8.27528E-04 1.66670E-04 0.00000E+00 6.84179E-05
 0.00000E+00 0.00000E+00 0.00000E+00 8.67414E-03
    96     4 1.49943E+00 1.16038E-03 1.92258E-03 0.00000E+00 7.89008E-04
 0.00000E+00 0.00000E+00 0.00000E+00 0.00000E+00
    97     1 2.54649E+00 2.67725E-05 2.21096E-05 0.00000E+00 8.24242E-06
 0.00000E+00 8.57164E-03 2.45022E-10 1.01360E-05
    97     2 1.63729E+00 8.68484E-05 3.14247E-05 0.00000E+00 1.29145E-05
 0.00000E+00 0.00000E+00 5.36885E-03 1.49913E-06
    97     3 1.60397E+00 8.27528E-04 1.66670E-04 0.00000E+00 6.84179E-05
 0.00000E+00 0.00000E+00 0.00000E+00 8.67418E-03
    97     4 1.49943E+00 1.16038E-03 1.92257E-03 0.00000E+00 7.89006E-04
 0.00000E+00 0.00000E+00 0.00000E+00 0.00000E+00
    98     1 2.54649E+00 2.67722E-05 2.21094E-05 0.00000E+00 8.24234E-06
 0.00000E+00 8.57178E-03 2.45019E-10 1.01361E-05
    98     2 1.63729E+00 8.68499E-05 3.14252E-05 0.00000E+00 1.29147E-05
 0.00000E+00 0.00000E+00 5.36905E-03 1.49908E-06
    98     3 1.60397E+00 8.27528E-04 1.66670E-04 0.00000E+00 6.84178E-05
 0.00000E+00 0.00000E+00 0.00000E+00 8.67437E-03
    98     4 1.49943E+00 1.16049E-03 1.92276E-03 0.00000E+00 7.89083E-04
 0.00000E+00 0.00000E+00 0.00000E+00 0.00000E+00
    99     1 2.54649E+00 2.67724E-05 2.21095E-05 0.00000E+00 8.24239E-06
 0.00000E+00 8.57169E-03 2.45021E-10 1.01360E-05
    99     2 1.63729E+00 8.68490E-05 3.14249E-05 0.00000E+00 1.29146E-05
 0.00000E+00 0.00000E+00 5.36893E-03 1.49911E-06
    99     3 1.60397E+00 8.27528E-04 1.66670E-04 0.00000E+00 6.84178E-05
 0.00000E+00 0.00000E+00 0.00000E+00 8.67426E-03
    99     4 1.49943E+00 1.16038E-03 1.92258E-03 0.00000E+00 7.89009E-04
 0.00000E+00 0.00000E+00 0.00000E+00 0.00000E+00
   100     1 2.54776E+00 2.68338E-05 2.21493E-05 0.00000E+00 8.25660E-06
 0.00000E+00 8.54314E-03 2.45565E-10 1.01139E-05
   100     2 1.63726E+00 8.65598E-05 3.13237E-05 0.00000E+00 1.28730E-05
 0.00000E+00 0.00000E+00 5.33200E-03 1.50771E-06
   100     3 1.60382E+00 8.27524E-04 1.66709E-04 0.00000E+00 6.84340E-05
 0.00000E+00 0.00000E+00 0.00000E+00 8.63814E-03
   100     4 1.49916E+00 1.16329E-03 1.92753E-03 0.00000E+00 7.91040E-04
 0.00000E+00 0.00000E+00 0.00000E+00 0.00000E+00
   101     1 1.36500E+00 1.89253E-05 0.00000E+00 0.00000E+00 0.00000E+00
 0.00000E+00 1.66933E-02 2.05335E-09 9.97862E-09
   101     2 8.47605E-01 1.47762E-06 0.00000E+00 0.00000E+00 0.00000E+00
 0.00000E+00 0.00000E+00 1.21986E-02 0.00000E+00
   101     3 8.36406E-01 1.71494E-05 0.00000E+00 0.00000E+00 0.00000E+00
 0.00000E+00 0.00000E+00 0.00000E+00 1.81121E-02
   101     4 7.56548E-01 2.80751E-04 0.00000E+00 0.00000E+00 0.00000E+00
 0.00000E+00 0.00000E+00 0.00000E+00 0.00000E+00
     0     0 0.00000E+00 0.00000E+00 0.00000E+00 0.00000E+00 0.00000E+00
 0.98583E+00 0.14165E-01 0.55067E-06 0.00000E+00
999
