 *250*  MODUL-80 MW-th LEU  99_11                                       
  1
  0  0  1  0  0  0  0  0  0  0  0  0  0  0  0  0  0  0  1  0  0  0  0  0
  0  0  1  1  1  1  0  0  1  0  0  1  0  0  0  0  0  0  0  0  0  0  0  0
999  0  0  0  0  0  0  0  0  0  0  0  0  0  0  0  0  0  7  7  0  0  0  0
 0.10000E+02 0.00000E+00 0.00000E+00 0.00000E+00 0.00000E+00 0.00000E+00
  3
  0  0  0  0  7  0  0  0  0  0  1  0  0  0  0 0   0  1  0 -1  0  0  1  0
 0.00000E+00 0.10000E-03 0.00000E+00 0.00000E+00 0.00000E+00 0.00000E+00
 0.00000E+00 0.00000E+00 0.10000E-09 0.32392E-10 0.10000E+01 0.00000E+00
  4
  6   67.205  4   27.837  4   21.360  4   18.007  4   15.866  4  100.184
  0    0.000  0    0.000  0    0.000  0    0.000  0    0.000  0    0.000
  4  253.830  4   55.000  4   55.000  4   55.000  4   55.000  4   55.000
  4   55.000  4   55.000  4   55.000  4   55.000  4   55.000  4   55.000
  4   55.000  4   55.000  4   55.000  4   55.000  4   55.000  4   55.000
  4   55.000  4   55.000  4   55.000  4  286.170
  5
  101  101  101  101  101  101
    1   21   41   61   81  101
    2   22   42   62   82  101
    3   23   43   63   83  101
    4   24   44   64   84  101
    5   25   45   65   85  101
    6   26   46   66   86  101
    7   27   47   67   87  101
    8   28   48   68   88  101
    9   29   49   69   89  101
   10   30   50   70   90  101
   11   31   51   71   91  101
   12   32   52   72   92  101
   13   33   53   73   93  101
   14   34   54   74   94  101
   15   35   55   75   95  101
   16   36   56   76   96  101
   17   37   57   77   97  101
   18   38   58   78   98  101
   19   39   59   79   99  101
   20   40   60   80  100  101
  101  101  101  101  101  101
  8
  4  3  0
     1     1 2.82293E+00 2.84584E-05 2.71444E-05 0.00000E+00 1.02500E-05
 0.00000E+00 8.94288E-03 6.05101E-09 1.01422E-05
     1     2 1.62921E+00 1.07072E-04 6.57481E-05 0.00000E+00 2.70202E-05
 0.00000E+00 0.00000E+00 5.80363E-03 1.37821E-06
     1     3 1.59821E+00 9.21645E-04 3.36426E-04 0.00000E+00 1.38102E-04
 0.00000E+00 0.00000E+00 0.00000E+00 9.08929E-03
     1     4 1.50049E+00 1.93638E-03 3.44393E-03 0.00000E+00 1.41336E-03
 0.00000E+00 0.00000E+00 0.00000E+00 0.00000E+00
     2     1 2.82293E+00 2.84584E-05 2.71444E-05 0.00000E+00 1.02500E-05
 0.00000E+00 8.94288E-03 6.05101E-09 1.01422E-05
     2     2 1.62921E+00 1.07072E-04 6.57481E-05 0.00000E+00 2.70202E-05
 0.00000E+00 0.00000E+00 5.80363E-03 1.37821E-06
     2     3 1.59821E+00 9.21645E-04 3.36426E-04 0.00000E+00 1.38102E-04
 0.00000E+00 0.00000E+00 0.00000E+00 9.08929E-03
     2     4 1.50049E+00 1.93638E-03 3.44393E-03 0.00000E+00 1.41336E-03
 0.00000E+00 0.00000E+00 0.00000E+00 0.00000E+00
     3     1 2.82293E+00 2.84584E-05 2.71444E-05 0.00000E+00 1.02500E-05
 0.00000E+00 8.94288E-03 6.05101E-09 1.01422E-05
     3     2 1.62921E+00 1.07072E-04 6.57481E-05 0.00000E+00 2.70202E-05
 0.00000E+00 0.00000E+00 5.80363E-03 1.37821E-06
     3     3 1.59821E+00 9.21645E-04 3.36426E-04 0.00000E+00 1.38102E-04
 0.00000E+00 0.00000E+00 0.00000E+00 9.08929E-03
     3     4 1.50049E+00 1.93638E-03 3.44393E-03 0.00000E+00 1.41336E-03
 0.00000E+00 0.00000E+00 0.00000E+00 0.00000E+00
     4     1 2.82293E+00 2.84584E-05 2.71444E-05 0.00000E+00 1.02500E-05
 0.00000E+00 8.94288E-03 6.05101E-09 1.01422E-05
     4     2 1.62921E+00 1.07072E-04 6.57481E-05 0.00000E+00 2.70202E-05
 0.00000E+00 0.00000E+00 5.80363E-03 1.37821E-06
     4     3 1.59821E+00 9.21645E-04 3.36426E-04 0.00000E+00 1.38102E-04
 0.00000E+00 0.00000E+00 0.00000E+00 9.08929E-03
     4     4 1.50049E+00 1.93638E-03 3.44393E-03 0.00000E+00 1.41336E-03
 0.00000E+00 0.00000E+00 0.00000E+00 0.00000E+00
     5     1 2.82293E+00 2.84584E-05 2.71444E-05 0.00000E+00 1.02500E-05
 0.00000E+00 8.94288E-03 6.05101E-09 1.01422E-05
     5     2 1.62921E+00 1.07072E-04 6.57481E-05 0.00000E+00 2.70202E-05
 0.00000E+00 0.00000E+00 5.80363E-03 1.37821E-06
     5     3 1.59821E+00 9.21645E-04 3.36426E-04 0.00000E+00 1.38102E-04
 0.00000E+00 0.00000E+00 0.00000E+00 9.08929E-03
     5     4 1.50049E+00 1.93638E-03 3.44393E-03 0.00000E+00 1.41336E-03
 0.00000E+00 0.00000E+00 0.00000E+00 0.00000E+00
     6     1 2.82293E+00 2.84584E-05 2.71444E-05 0.00000E+00 1.02500E-05
 0.00000E+00 8.94288E-03 6.05101E-09 1.01422E-05
     6     2 1.62921E+00 1.07072E-04 6.57481E-05 0.00000E+00 2.70202E-05
 0.00000E+00 0.00000E+00 5.80363E-03 1.37821E-06
     6     3 1.59821E+00 9.21645E-04 3.36426E-04 0.00000E+00 1.38102E-04
 0.00000E+00 0.00000E+00 0.00000E+00 9.08929E-03
     6     4 1.50049E+00 1.93638E-03 3.44393E-03 0.00000E+00 1.41336E-03
 0.00000E+00 0.00000E+00 0.00000E+00 0.00000E+00
     7     1 2.82293E+00 2.84584E-05 2.71444E-05 0.00000E+00 1.02500E-05
 0.00000E+00 8.94288E-03 6.05101E-09 1.01422E-05
     7     2 1.62921E+00 1.07072E-04 6.57481E-05 0.00000E+00 2.70202E-05
 0.00000E+00 0.00000E+00 5.80363E-03 1.37821E-06
     7     3 1.59821E+00 9.21645E-04 3.36426E-04 0.00000E+00 1.38102E-04
 0.00000E+00 0.00000E+00 0.00000E+00 9.08929E-03
     7     4 1.50049E+00 1.93638E-03 3.44393E-03 0.00000E+00 1.41336E-03
 0.00000E+00 0.00000E+00 0.00000E+00 0.00000E+00
     8     1 2.82293E+00 2.84584E-05 2.71444E-05 0.00000E+00 1.02500E-05
 0.00000E+00 8.94288E-03 6.05101E-09 1.01422E-05
     8     2 1.62921E+00 1.07072E-04 6.57481E-05 0.00000E+00 2.70202E-05
 0.00000E+00 0.00000E+00 5.80363E-03 1.37821E-06
     8     3 1.59821E+00 9.21645E-04 3.36426E-04 0.00000E+00 1.38102E-04
 0.00000E+00 0.00000E+00 0.00000E+00 9.08929E-03
     8     4 1.50049E+00 1.93638E-03 3.44393E-03 0.00000E+00 1.41336E-03
 0.00000E+00 0.00000E+00 0.00000E+00 0.00000E+00
     9     1 2.82293E+00 2.84584E-05 2.71444E-05 0.00000E+00 1.02500E-05
 0.00000E+00 8.94288E-03 6.05101E-09 1.01422E-05
     9     2 1.62921E+00 1.07072E-04 6.57481E-05 0.00000E+00 2.70202E-05
 0.00000E+00 0.00000E+00 5.80363E-03 1.37821E-06
     9     3 1.59821E+00 9.21645E-04 3.36426E-04 0.00000E+00 1.38102E-04
 0.00000E+00 0.00000E+00 0.00000E+00 9.08929E-03
     9     4 1.50049E+00 1.93638E-03 3.44393E-03 0.00000E+00 1.41336E-03
 0.00000E+00 0.00000E+00 0.00000E+00 0.00000E+00
    10     1 2.82293E+00 2.84584E-05 2.71444E-05 0.00000E+00 1.02500E-05
 0.00000E+00 8.94288E-03 6.05101E-09 1.01422E-05
    10     2 1.62921E+00 1.07072E-04 6.57481E-05 0.00000E+00 2.70202E-05
 0.00000E+00 0.00000E+00 5.80363E-03 1.37821E-06
    10     3 1.59821E+00 9.21645E-04 3.36426E-04 0.00000E+00 1.38102E-04
 0.00000E+00 0.00000E+00 0.00000E+00 9.08929E-03
    10     4 1.50049E+00 1.93638E-03 3.44393E-03 0.00000E+00 1.41336E-03
 0.00000E+00 0.00000E+00 0.00000E+00 0.00000E+00
    11     1 2.82293E+00 2.84584E-05 2.71444E-05 0.00000E+00 1.02500E-05
 0.00000E+00 8.94288E-03 6.05101E-09 1.01422E-05
    11     2 1.62921E+00 1.07072E-04 6.57481E-05 0.00000E+00 2.70202E-05
 0.00000E+00 0.00000E+00 5.80363E-03 1.37821E-06
    11     3 1.59821E+00 9.21645E-04 3.36426E-04 0.00000E+00 1.38102E-04
 0.00000E+00 0.00000E+00 0.00000E+00 9.08929E-03
    11     4 1.50049E+00 1.93638E-03 3.44393E-03 0.00000E+00 1.41336E-03
 0.00000E+00 0.00000E+00 0.00000E+00 0.00000E+00
    12     1 2.82293E+00 2.84584E-05 2.71444E-05 0.00000E+00 1.02500E-05
 0.00000E+00 8.94288E-03 6.05101E-09 1.01422E-05
    12     2 1.62921E+00 1.07072E-04 6.57481E-05 0.00000E+00 2.70202E-05
 0.00000E+00 0.00000E+00 5.80363E-03 1.37821E-06
    12     3 1.59821E+00 9.21645E-04 3.36426E-04 0.00000E+00 1.38102E-04
 0.00000E+00 0.00000E+00 0.00000E+00 9.08929E-03
    12     4 1.50049E+00 1.93638E-03 3.44393E-03 0.00000E+00 1.41336E-03
 0.00000E+00 0.00000E+00 0.00000E+00 0.00000E+00
    13     1 2.82293E+00 2.84584E-05 2.71444E-05 0.00000E+00 1.02500E-05
 0.00000E+00 8.94288E-03 6.05101E-09 1.01422E-05
    13     2 1.62921E+00 1.07072E-04 6.57481E-05 0.00000E+00 2.70202E-05
 0.00000E+00 0.00000E+00 5.80363E-03 1.37821E-06
    13     3 1.59821E+00 9.21645E-04 3.36426E-04 0.00000E+00 1.38102E-04
 0.00000E+00 0.00000E+00 0.00000E+00 9.08929E-03
    13     4 1.50049E+00 1.93638E-03 3.44393E-03 0.00000E+00 1.41336E-03
 0.00000E+00 0.00000E+00 0.00000E+00 0.00000E+00
    14     1 2.82293E+00 2.84584E-05 2.71444E-05 0.00000E+00 1.02500E-05
 0.00000E+00 8.94288E-03 6.05101E-09 1.01422E-05
    14     2 1.62921E+00 1.07072E-04 6.57481E-05 0.00000E+00 2.70202E-05
 0.00000E+00 0.00000E+00 5.80363E-03 1.37821E-06
    14     3 1.59821E+00 9.21645E-04 3.36426E-04 0.00000E+00 1.38102E-04
 0.00000E+00 0.00000E+00 0.00000E+00 9.08929E-03
    14     4 1.50049E+00 1.93638E-03 3.44393E-03 0.00000E+00 1.41336E-03
 0.00000E+00 0.00000E+00 0.00000E+00 0.00000E+00
    15     1 2.82293E+00 2.84584E-05 2.71444E-05 0.00000E+00 1.02500E-05
 0.00000E+00 8.94288E-03 6.05101E-09 1.01422E-05
    15     2 1.62921E+00 1.07072E-04 6.57481E-05 0.00000E+00 2.70202E-05
 0.00000E+00 0.00000E+00 5.80363E-03 1.37821E-06
    15     3 1.59821E+00 9.21645E-04 3.36426E-04 0.00000E+00 1.38102E-04
 0.00000E+00 0.00000E+00 0.00000E+00 9.08929E-03
    15     4 1.50049E+00 1.93638E-03 3.44393E-03 0.00000E+00 1.41336E-03
 0.00000E+00 0.00000E+00 0.00000E+00 0.00000E+00
    16     1 2.82293E+00 2.84584E-05 2.71444E-05 0.00000E+00 1.02500E-05
 0.00000E+00 8.94288E-03 6.05101E-09 1.01422E-05
    16     2 1.62921E+00 1.07072E-04 6.57481E-05 0.00000E+00 2.70202E-05
 0.00000E+00 0.00000E+00 5.80363E-03 1.37821E-06
    16     3 1.59821E+00 9.21645E-04 3.36426E-04 0.00000E+00 1.38102E-04
 0.00000E+00 0.00000E+00 0.00000E+00 9.08929E-03
    16     4 1.50049E+00 1.93638E-03 3.44393E-03 0.00000E+00 1.41336E-03
 0.00000E+00 0.00000E+00 0.00000E+00 0.00000E+00
    17     1 2.82293E+00 2.84584E-05 2.71444E-05 0.00000E+00 1.02500E-05
 0.00000E+00 8.94288E-03 6.05101E-09 1.01422E-05
    17     2 1.62921E+00 1.07072E-04 6.57481E-05 0.00000E+00 2.70202E-05
 0.00000E+00 0.00000E+00 5.80363E-03 1.37821E-06
    17     3 1.59821E+00 9.21645E-04 3.36426E-04 0.00000E+00 1.38102E-04
 0.00000E+00 0.00000E+00 0.00000E+00 9.08929E-03
    17     4 1.50049E+00 1.93638E-03 3.44393E-03 0.00000E+00 1.41336E-03
 0.00000E+00 0.00000E+00 0.00000E+00 0.00000E+00
    18     1 2.82293E+00 2.84584E-05 2.71444E-05 0.00000E+00 1.02500E-05
 0.00000E+00 8.94288E-03 6.05101E-09 1.01422E-05
    18     2 1.62921E+00 1.07072E-04 6.57481E-05 0.00000E+00 2.70202E-05
 0.00000E+00 0.00000E+00 5.80363E-03 1.37821E-06
    18     3 1.59821E+00 9.21645E-04 3.36426E-04 0.00000E+00 1.38102E-04
 0.00000E+00 0.00000E+00 0.00000E+00 9.08929E-03
    18     4 1.50049E+00 1.93638E-03 3.44393E-03 0.00000E+00 1.41336E-03
 0.00000E+00 0.00000E+00 0.00000E+00 0.00000E+00
    19     1 2.82293E+00 2.84584E-05 2.71444E-05 0.00000E+00 1.02500E-05
 0.00000E+00 8.94288E-03 6.05101E-09 1.01422E-05
    19     2 1.62921E+00 1.07072E-04 6.57481E-05 0.00000E+00 2.70202E-05
 0.00000E+00 0.00000E+00 5.80363E-03 1.37821E-06
    19     3 1.59821E+00 9.21645E-04 3.36426E-04 0.00000E+00 1.38102E-04
 0.00000E+00 0.00000E+00 0.00000E+00 9.08929E-03
    19     4 1.50049E+00 1.93638E-03 3.44393E-03 0.00000E+00 1.41336E-03
 0.00000E+00 0.00000E+00 0.00000E+00 0.00000E+00
    20     1 2.82293E+00 2.84584E-05 2.71444E-05 0.00000E+00 1.02500E-05
 0.00000E+00 8.94288E-03 6.05101E-09 1.01422E-05
    20     2 1.62921E+00 1.07072E-04 6.57481E-05 0.00000E+00 2.70202E-05
 0.00000E+00 0.00000E+00 5.80363E-03 1.37821E-06
    20     3 1.59821E+00 9.21645E-04 3.36426E-04 0.00000E+00 1.38102E-04
 0.00000E+00 0.00000E+00 0.00000E+00 9.08929E-03
    20     4 1.50049E+00 1.93638E-03 3.44393E-03 0.00000E+00 1.41336E-03
 0.00000E+00 0.00000E+00 0.00000E+00 0.00000E+00
    21     1 2.82476E+00 2.62234E-05 2.16786E-05 0.00000E+00 8.08839E-06
 0.00000E+00 8.93603E-03 1.16191E-08 1.04393E-05
    21     2 1.63048E+00 9.07911E-05 3.25258E-05 0.00000E+00 1.33668E-05
 0.00000E+00 0.00000E+00 5.80944E-03 1.40818E-06
    21     3 1.59958E+00 8.37342E-04 1.66232E-04 0.00000E+00 6.82374E-05
 0.00000E+00 0.00000E+00 0.00000E+00 9.11615E-03
    21     4 1.49486E+00 1.27745E-03 1.86430E-03 0.00000E+00 7.65094E-04
 0.00000E+00 0.00000E+00 0.00000E+00 0.00000E+00
    22     1 2.82476E+00 2.62234E-05 2.16786E-05 0.00000E+00 8.08839E-06
 0.00000E+00 8.93603E-03 1.16191E-08 1.04393E-05
    22     2 1.63048E+00 9.07911E-05 3.25258E-05 0.00000E+00 1.33668E-05
 0.00000E+00 0.00000E+00 5.80944E-03 1.40818E-06
    22     3 1.59958E+00 8.37342E-04 1.66232E-04 0.00000E+00 6.82374E-05
 0.00000E+00 0.00000E+00 0.00000E+00 9.11615E-03
    22     4 1.49486E+00 1.27745E-03 1.86430E-03 0.00000E+00 7.65094E-04
 0.00000E+00 0.00000E+00 0.00000E+00 0.00000E+00
    23     1 2.82476E+00 2.62234E-05 2.16786E-05 0.00000E+00 8.08839E-06
 0.00000E+00 8.93603E-03 1.16191E-08 1.04393E-05
    23     2 1.63048E+00 9.07911E-05 3.25258E-05 0.00000E+00 1.33668E-05
 0.00000E+00 0.00000E+00 5.80944E-03 1.40818E-06
    23     3 1.59958E+00 8.37342E-04 1.66232E-04 0.00000E+00 6.82374E-05
 0.00000E+00 0.00000E+00 0.00000E+00 9.11615E-03
    23     4 1.49486E+00 1.27745E-03 1.86430E-03 0.00000E+00 7.65094E-04
 0.00000E+00 0.00000E+00 0.00000E+00 0.00000E+00
    24     1 2.82476E+00 2.62234E-05 2.16786E-05 0.00000E+00 8.08839E-06
 0.00000E+00 8.93603E-03 1.16191E-08 1.04393E-05
    24     2 1.63048E+00 9.07911E-05 3.25258E-05 0.00000E+00 1.33668E-05
 0.00000E+00 0.00000E+00 5.80944E-03 1.40818E-06
    24     3 1.59958E+00 8.37342E-04 1.66232E-04 0.00000E+00 6.82374E-05
 0.00000E+00 0.00000E+00 0.00000E+00 9.11615E-03
    24     4 1.49486E+00 1.27745E-03 1.86430E-03 0.00000E+00 7.65094E-04
 0.00000E+00 0.00000E+00 0.00000E+00 0.00000E+00
    25     1 2.82476E+00 2.62234E-05 2.16786E-05 0.00000E+00 8.08839E-06
 0.00000E+00 8.93603E-03 1.16191E-08 1.04393E-05
    25     2 1.63048E+00 9.07911E-05 3.25258E-05 0.00000E+00 1.33668E-05
 0.00000E+00 0.00000E+00 5.80944E-03 1.40818E-06
    25     3 1.59958E+00 8.37342E-04 1.66232E-04 0.00000E+00 6.82374E-05
 0.00000E+00 0.00000E+00 0.00000E+00 9.11615E-03
    25     4 1.49486E+00 1.27745E-03 1.86430E-03 0.00000E+00 7.65094E-04
 0.00000E+00 0.00000E+00 0.00000E+00 0.00000E+00
    26     1 2.82476E+00 2.62234E-05 2.16786E-05 0.00000E+00 8.08839E-06
 0.00000E+00 8.93603E-03 1.16191E-08 1.04393E-05
    26     2 1.63048E+00 9.07911E-05 3.25258E-05 0.00000E+00 1.33668E-05
 0.00000E+00 0.00000E+00 5.80944E-03 1.40818E-06
    26     3 1.59958E+00 8.37342E-04 1.66232E-04 0.00000E+00 6.82374E-05
 0.00000E+00 0.00000E+00 0.00000E+00 9.11615E-03
    26     4 1.49486E+00 1.27745E-03 1.86430E-03 0.00000E+00 7.65094E-04
 0.00000E+00 0.00000E+00 0.00000E+00 0.00000E+00
    27     1 2.82476E+00 2.62234E-05 2.16786E-05 0.00000E+00 8.08839E-06
 0.00000E+00 8.93603E-03 1.16191E-08 1.04393E-05
    27     2 1.63048E+00 9.07911E-05 3.25258E-05 0.00000E+00 1.33668E-05
 0.00000E+00 0.00000E+00 5.80944E-03 1.40818E-06
    27     3 1.59958E+00 8.37342E-04 1.66232E-04 0.00000E+00 6.82374E-05
 0.00000E+00 0.00000E+00 0.00000E+00 9.11615E-03
    27     4 1.49486E+00 1.27745E-03 1.86430E-03 0.00000E+00 7.65094E-04
 0.00000E+00 0.00000E+00 0.00000E+00 0.00000E+00
    28     1 2.82476E+00 2.62234E-05 2.16786E-05 0.00000E+00 8.08839E-06
 0.00000E+00 8.93603E-03 1.16191E-08 1.04393E-05
    28     2 1.63048E+00 9.07911E-05 3.25258E-05 0.00000E+00 1.33668E-05
 0.00000E+00 0.00000E+00 5.80944E-03 1.40818E-06
    28     3 1.59958E+00 8.37342E-04 1.66232E-04 0.00000E+00 6.82374E-05
 0.00000E+00 0.00000E+00 0.00000E+00 9.11615E-03
    28     4 1.49486E+00 1.27745E-03 1.86430E-03 0.00000E+00 7.65094E-04
 0.00000E+00 0.00000E+00 0.00000E+00 0.00000E+00
    29     1 2.82476E+00 2.62234E-05 2.16786E-05 0.00000E+00 8.08839E-06
 0.00000E+00 8.93603E-03 1.16191E-08 1.04393E-05
    29     2 1.63048E+00 9.07911E-05 3.25258E-05 0.00000E+00 1.33668E-05
 0.00000E+00 0.00000E+00 5.80944E-03 1.40818E-06
    29     3 1.59958E+00 8.37342E-04 1.66232E-04 0.00000E+00 6.82374E-05
 0.00000E+00 0.00000E+00 0.00000E+00 9.11615E-03
    29     4 1.49486E+00 1.27745E-03 1.86430E-03 0.00000E+00 7.65094E-04
 0.00000E+00 0.00000E+00 0.00000E+00 0.00000E+00
    30     1 2.82476E+00 2.62234E-05 2.16786E-05 0.00000E+00 8.08839E-06
 0.00000E+00 8.93603E-03 1.16191E-08 1.04393E-05
    30     2 1.63048E+00 9.07911E-05 3.25258E-05 0.00000E+00 1.33668E-05
 0.00000E+00 0.00000E+00 5.80944E-03 1.40818E-06
    30     3 1.59958E+00 8.37342E-04 1.66232E-04 0.00000E+00 6.82374E-05
 0.00000E+00 0.00000E+00 0.00000E+00 9.11615E-03
    30     4 1.49486E+00 1.27745E-03 1.86430E-03 0.00000E+00 7.65094E-04
 0.00000E+00 0.00000E+00 0.00000E+00 0.00000E+00
    31     1 2.82476E+00 2.62234E-05 2.16786E-05 0.00000E+00 8.08839E-06
 0.00000E+00 8.93603E-03 1.16191E-08 1.04393E-05
    31     2 1.63048E+00 9.07911E-05 3.25258E-05 0.00000E+00 1.33668E-05
 0.00000E+00 0.00000E+00 5.80944E-03 1.40818E-06
    31     3 1.59958E+00 8.37342E-04 1.66232E-04 0.00000E+00 6.82374E-05
 0.00000E+00 0.00000E+00 0.00000E+00 9.11615E-03
    31     4 1.49486E+00 1.27745E-03 1.86430E-03 0.00000E+00 7.65094E-04
 0.00000E+00 0.00000E+00 0.00000E+00 0.00000E+00
    32     1 2.82476E+00 2.62234E-05 2.16786E-05 0.00000E+00 8.08839E-06
 0.00000E+00 8.93603E-03 1.16191E-08 1.04393E-05
    32     2 1.63048E+00 9.07911E-05 3.25258E-05 0.00000E+00 1.33668E-05
 0.00000E+00 0.00000E+00 5.80944E-03 1.40818E-06
    32     3 1.59958E+00 8.37342E-04 1.66232E-04 0.00000E+00 6.82374E-05
 0.00000E+00 0.00000E+00 0.00000E+00 9.11615E-03
    32     4 1.49486E+00 1.27745E-03 1.86430E-03 0.00000E+00 7.65094E-04
 0.00000E+00 0.00000E+00 0.00000E+00 0.00000E+00
    33     1 2.82476E+00 2.62234E-05 2.16786E-05 0.00000E+00 8.08839E-06
 0.00000E+00 8.93603E-03 1.16191E-08 1.04393E-05
    33     2 1.63048E+00 9.07911E-05 3.25258E-05 0.00000E+00 1.33668E-05
 0.00000E+00 0.00000E+00 5.80944E-03 1.40818E-06
    33     3 1.59958E+00 8.37342E-04 1.66232E-04 0.00000E+00 6.82374E-05
 0.00000E+00 0.00000E+00 0.00000E+00 9.11615E-03
    33     4 1.49486E+00 1.27745E-03 1.86430E-03 0.00000E+00 7.65094E-04
 0.00000E+00 0.00000E+00 0.00000E+00 0.00000E+00
    34     1 2.82476E+00 2.62234E-05 2.16786E-05 0.00000E+00 8.08839E-06
 0.00000E+00 8.93603E-03 1.16191E-08 1.04393E-05
    34     2 1.63048E+00 9.07911E-05 3.25258E-05 0.00000E+00 1.33668E-05
 0.00000E+00 0.00000E+00 5.80944E-03 1.40818E-06
    34     3 1.59958E+00 8.37342E-04 1.66232E-04 0.00000E+00 6.82374E-05
 0.00000E+00 0.00000E+00 0.00000E+00 9.11615E-03
    34     4 1.49486E+00 1.27745E-03 1.86430E-03 0.00000E+00 7.65094E-04
 0.00000E+00 0.00000E+00 0.00000E+00 0.00000E+00
    35     1 2.82476E+00 2.62234E-05 2.16786E-05 0.00000E+00 8.08839E-06
 0.00000E+00 8.93603E-03 1.16191E-08 1.04393E-05
    35     2 1.63048E+00 9.07911E-05 3.25258E-05 0.00000E+00 1.33668E-05
 0.00000E+00 0.00000E+00 5.80944E-03 1.40818E-06
    35     3 1.59958E+00 8.37342E-04 1.66232E-04 0.00000E+00 6.82374E-05
 0.00000E+00 0.00000E+00 0.00000E+00 9.11615E-03
    35     4 1.49486E+00 1.27745E-03 1.86430E-03 0.00000E+00 7.65094E-04
 0.00000E+00 0.00000E+00 0.00000E+00 0.00000E+00
    36     1 2.82476E+00 2.62234E-05 2.16786E-05 0.00000E+00 8.08839E-06
 0.00000E+00 8.93603E-03 1.16191E-08 1.04393E-05
    36     2 1.63048E+00 9.07911E-05 3.25258E-05 0.00000E+00 1.33668E-05
 0.00000E+00 0.00000E+00 5.80944E-03 1.40818E-06
    36     3 1.59958E+00 8.37342E-04 1.66232E-04 0.00000E+00 6.82374E-05
 0.00000E+00 0.00000E+00 0.00000E+00 9.11615E-03
    36     4 1.49486E+00 1.27745E-03 1.86430E-03 0.00000E+00 7.65094E-04
 0.00000E+00 0.00000E+00 0.00000E+00 0.00000E+00
    37     1 2.82476E+00 2.62234E-05 2.16786E-05 0.00000E+00 8.08839E-06
 0.00000E+00 8.93603E-03 1.16191E-08 1.04393E-05
    37     2 1.63048E+00 9.07911E-05 3.25258E-05 0.00000E+00 1.33668E-05
 0.00000E+00 0.00000E+00 5.80944E-03 1.40818E-06
    37     3 1.59958E+00 8.37342E-04 1.66232E-04 0.00000E+00 6.82374E-05
 0.00000E+00 0.00000E+00 0.00000E+00 9.11615E-03
    37     4 1.49486E+00 1.27745E-03 1.86430E-03 0.00000E+00 7.65094E-04
 0.00000E+00 0.00000E+00 0.00000E+00 0.00000E+00
    38     1 2.82476E+00 2.62234E-05 2.16786E-05 0.00000E+00 8.08839E-06
 0.00000E+00 8.93603E-03 1.16191E-08 1.04393E-05
    38     2 1.63048E+00 9.07911E-05 3.25258E-05 0.00000E+00 1.33668E-05
 0.00000E+00 0.00000E+00 5.80944E-03 1.40818E-06
    38     3 1.59958E+00 8.37342E-04 1.66232E-04 0.00000E+00 6.82374E-05
 0.00000E+00 0.00000E+00 0.00000E+00 9.11615E-03
    38     4 1.49486E+00 1.27745E-03 1.86430E-03 0.00000E+00 7.65094E-04
 0.00000E+00 0.00000E+00 0.00000E+00 0.00000E+00
    39     1 2.82476E+00 2.62234E-05 2.16786E-05 0.00000E+00 8.08839E-06
 0.00000E+00 8.93603E-03 1.16191E-08 1.04393E-05
    39     2 1.63048E+00 9.07911E-05 3.25258E-05 0.00000E+00 1.33668E-05
 0.00000E+00 0.00000E+00 5.80944E-03 1.40818E-06
    39     3 1.59958E+00 8.37342E-04 1.66232E-04 0.00000E+00 6.82374E-05
 0.00000E+00 0.00000E+00 0.00000E+00 9.11615E-03
    39     4 1.49486E+00 1.27745E-03 1.86430E-03 0.00000E+00 7.65094E-04
 0.00000E+00 0.00000E+00 0.00000E+00 0.00000E+00
    40     1 2.82476E+00 2.62234E-05 2.16786E-05 0.00000E+00 8.08839E-06
 0.00000E+00 8.93603E-03 1.16191E-08 1.04393E-05
    40     2 1.63048E+00 9.07911E-05 3.25258E-05 0.00000E+00 1.33668E-05
 0.00000E+00 0.00000E+00 5.80944E-03 1.40818E-06
    40     3 1.59958E+00 8.37342E-04 1.66232E-04 0.00000E+00 6.82374E-05
 0.00000E+00 0.00000E+00 0.00000E+00 9.11615E-03
    40     4 1.49486E+00 1.27745E-03 1.86430E-03 0.00000E+00 7.65094E-04
 0.00000E+00 0.00000E+00 0.00000E+00 0.00000E+00
    41     1 2.82476E+00 2.62234E-05 2.16786E-05 0.00000E+00 8.08839E-06
 0.00000E+00 8.93603E-03 1.16191E-08 1.04393E-05
    41     2 1.63048E+00 9.07911E-05 3.25258E-05 0.00000E+00 1.33668E-05
 0.00000E+00 0.00000E+00 5.80944E-03 1.40818E-06
    41     3 1.59958E+00 8.37342E-04 1.66232E-04 0.00000E+00 6.82374E-05
 0.00000E+00 0.00000E+00 0.00000E+00 9.11615E-03
    41     4 1.49486E+00 1.27742E-03 1.86426E-03 0.00000E+00 7.65076E-04
 0.00000E+00 0.00000E+00 0.00000E+00 0.00000E+00
    42     1 2.82476E+00 2.62234E-05 2.16786E-05 0.00000E+00 8.08839E-06
 0.00000E+00 8.93603E-03 1.16191E-08 1.04393E-05
    42     2 1.63048E+00 9.07911E-05 3.25258E-05 0.00000E+00 1.33668E-05
 0.00000E+00 0.00000E+00 5.80944E-03 1.40818E-06
    42     3 1.59958E+00 8.37342E-04 1.66232E-04 0.00000E+00 6.82374E-05
 0.00000E+00 0.00000E+00 0.00000E+00 9.11615E-03
    42     4 1.49486E+00 1.27742E-03 1.86426E-03 0.00000E+00 7.65076E-04
 0.00000E+00 0.00000E+00 0.00000E+00 0.00000E+00
    43     1 2.82476E+00 2.62234E-05 2.16786E-05 0.00000E+00 8.08839E-06
 0.00000E+00 8.93603E-03 1.16191E-08 1.04393E-05
    43     2 1.63048E+00 9.07911E-05 3.25258E-05 0.00000E+00 1.33668E-05
 0.00000E+00 0.00000E+00 5.80944E-03 1.40818E-06
    43     3 1.59958E+00 8.37342E-04 1.66232E-04 0.00000E+00 6.82374E-05
 0.00000E+00 0.00000E+00 0.00000E+00 9.11615E-03
    43     4 1.49486E+00 1.27742E-03 1.86426E-03 0.00000E+00 7.65076E-04
 0.00000E+00 0.00000E+00 0.00000E+00 0.00000E+00
    44     1 2.82476E+00 2.62234E-05 2.16786E-05 0.00000E+00 8.08839E-06
 0.00000E+00 8.93603E-03 1.16191E-08 1.04393E-05
    44     2 1.63048E+00 9.07911E-05 3.25258E-05 0.00000E+00 1.33668E-05
 0.00000E+00 0.00000E+00 5.80944E-03 1.40818E-06
    44     3 1.59958E+00 8.37342E-04 1.66232E-04 0.00000E+00 6.82374E-05
 0.00000E+00 0.00000E+00 0.00000E+00 9.11615E-03
    44     4 1.49486E+00 1.27742E-03 1.86426E-03 0.00000E+00 7.65076E-04
 0.00000E+00 0.00000E+00 0.00000E+00 0.00000E+00
    45     1 2.82476E+00 2.62234E-05 2.16786E-05 0.00000E+00 8.08839E-06
 0.00000E+00 8.93603E-03 1.16191E-08 1.04393E-05
    45     2 1.63048E+00 9.07911E-05 3.25258E-05 0.00000E+00 1.33668E-05
 0.00000E+00 0.00000E+00 5.80944E-03 1.40818E-06
    45     3 1.59958E+00 8.37342E-04 1.66232E-04 0.00000E+00 6.82374E-05
 0.00000E+00 0.00000E+00 0.00000E+00 9.11615E-03
    45     4 1.49486E+00 1.27742E-03 1.86426E-03 0.00000E+00 7.65076E-04
 0.00000E+00 0.00000E+00 0.00000E+00 0.00000E+00
    46     1 2.82476E+00 2.62234E-05 2.16786E-05 0.00000E+00 8.08839E-06
 0.00000E+00 8.93603E-03 1.16191E-08 1.04393E-05
    46     2 1.63048E+00 9.07911E-05 3.25258E-05 0.00000E+00 1.33668E-05
 0.00000E+00 0.00000E+00 5.80944E-03 1.40818E-06
    46     3 1.59958E+00 8.37342E-04 1.66232E-04 0.00000E+00 6.82374E-05
 0.00000E+00 0.00000E+00 0.00000E+00 9.11615E-03
    46     4 1.49486E+00 1.27742E-03 1.86426E-03 0.00000E+00 7.65076E-04
 0.00000E+00 0.00000E+00 0.00000E+00 0.00000E+00
    47     1 2.82476E+00 2.62234E-05 2.16786E-05 0.00000E+00 8.08839E-06
 0.00000E+00 8.93603E-03 1.16191E-08 1.04393E-05
    47     2 1.63048E+00 9.07911E-05 3.25258E-05 0.00000E+00 1.33668E-05
 0.00000E+00 0.00000E+00 5.80944E-03 1.40818E-06
    47     3 1.59958E+00 8.37342E-04 1.66232E-04 0.00000E+00 6.82374E-05
 0.00000E+00 0.00000E+00 0.00000E+00 9.11615E-03
    47     4 1.49486E+00 1.27742E-03 1.86426E-03 0.00000E+00 7.65076E-04
 0.00000E+00 0.00000E+00 0.00000E+00 0.00000E+00
    48     1 2.82476E+00 2.62234E-05 2.16786E-05 0.00000E+00 8.08839E-06
 0.00000E+00 8.93603E-03 1.16191E-08 1.04393E-05
    48     2 1.63048E+00 9.07911E-05 3.25258E-05 0.00000E+00 1.33668E-05
 0.00000E+00 0.00000E+00 5.80944E-03 1.40818E-06
    48     3 1.59958E+00 8.37342E-04 1.66232E-04 0.00000E+00 6.82374E-05
 0.00000E+00 0.00000E+00 0.00000E+00 9.11615E-03
    48     4 1.49486E+00 1.27742E-03 1.86426E-03 0.00000E+00 7.65076E-04
 0.00000E+00 0.00000E+00 0.00000E+00 0.00000E+00
    49     1 2.82476E+00 2.62234E-05 2.16786E-05 0.00000E+00 8.08839E-06
 0.00000E+00 8.93603E-03 1.16191E-08 1.04393E-05
    49     2 1.63048E+00 9.07911E-05 3.25258E-05 0.00000E+00 1.33668E-05
 0.00000E+00 0.00000E+00 5.80944E-03 1.40818E-06
    49     3 1.59958E+00 8.37342E-04 1.66232E-04 0.00000E+00 6.82374E-05
 0.00000E+00 0.00000E+00 0.00000E+00 9.11615E-03
    49     4 1.49486E+00 1.27742E-03 1.86426E-03 0.00000E+00 7.65076E-04
 0.00000E+00 0.00000E+00 0.00000E+00 0.00000E+00
    50     1 2.82476E+00 2.62234E-05 2.16786E-05 0.00000E+00 8.08839E-06
 0.00000E+00 8.93603E-03 1.16191E-08 1.04393E-05
    50     2 1.63048E+00 9.07911E-05 3.25258E-05 0.00000E+00 1.33668E-05
 0.00000E+00 0.00000E+00 5.80944E-03 1.40818E-06
    50     3 1.59958E+00 8.37342E-04 1.66232E-04 0.00000E+00 6.82374E-05
 0.00000E+00 0.00000E+00 0.00000E+00 9.11615E-03
    50     4 1.49486E+00 1.27742E-03 1.86426E-03 0.00000E+00 7.65076E-04
 0.00000E+00 0.00000E+00 0.00000E+00 0.00000E+00
    51     1 2.82476E+00 2.62234E-05 2.16786E-05 0.00000E+00 8.08839E-06
 0.00000E+00 8.93603E-03 1.16191E-08 1.04393E-05
    51     2 1.63048E+00 9.07911E-05 3.25258E-05 0.00000E+00 1.33668E-05
 0.00000E+00 0.00000E+00 5.80944E-03 1.40818E-06
    51     3 1.59958E+00 8.37342E-04 1.66232E-04 0.00000E+00 6.82374E-05
 0.00000E+00 0.00000E+00 0.00000E+00 9.11615E-03
    51     4 1.49486E+00 1.27742E-03 1.86426E-03 0.00000E+00 7.65076E-04
 0.00000E+00 0.00000E+00 0.00000E+00 0.00000E+00
    52     1 2.82476E+00 2.62234E-05 2.16786E-05 0.00000E+00 8.08839E-06
 0.00000E+00 8.93603E-03 1.16191E-08 1.04393E-05
    52     2 1.63048E+00 9.07911E-05 3.25258E-05 0.00000E+00 1.33668E-05
 0.00000E+00 0.00000E+00 5.80944E-03 1.40818E-06
    52     3 1.59958E+00 8.37342E-04 1.66232E-04 0.00000E+00 6.82374E-05
 0.00000E+00 0.00000E+00 0.00000E+00 9.11615E-03
    52     4 1.49486E+00 1.27742E-03 1.86426E-03 0.00000E+00 7.65076E-04
 0.00000E+00 0.00000E+00 0.00000E+00 0.00000E+00
    53     1 2.82476E+00 2.62234E-05 2.16786E-05 0.00000E+00 8.08839E-06
 0.00000E+00 8.93603E-03 1.16191E-08 1.04393E-05
    53     2 1.63048E+00 9.07911E-05 3.25258E-05 0.00000E+00 1.33668E-05
 0.00000E+00 0.00000E+00 5.80944E-03 1.40818E-06
    53     3 1.59958E+00 8.37342E-04 1.66232E-04 0.00000E+00 6.82374E-05
 0.00000E+00 0.00000E+00 0.00000E+00 9.11615E-03
    53     4 1.49486E+00 1.27742E-03 1.86426E-03 0.00000E+00 7.65076E-04
 0.00000E+00 0.00000E+00 0.00000E+00 0.00000E+00
    54     1 2.82476E+00 2.62234E-05 2.16786E-05 0.00000E+00 8.08839E-06
 0.00000E+00 8.93603E-03 1.16191E-08 1.04393E-05
    54     2 1.63048E+00 9.07911E-05 3.25258E-05 0.00000E+00 1.33668E-05
 0.00000E+00 0.00000E+00 5.80944E-03 1.40818E-06
    54     3 1.59958E+00 8.37342E-04 1.66232E-04 0.00000E+00 6.82374E-05
 0.00000E+00 0.00000E+00 0.00000E+00 9.11615E-03
    54     4 1.49486E+00 1.27742E-03 1.86426E-03 0.00000E+00 7.65076E-04
 0.00000E+00 0.00000E+00 0.00000E+00 0.00000E+00
    55     1 2.82476E+00 2.62234E-05 2.16786E-05 0.00000E+00 8.08839E-06
 0.00000E+00 8.93603E-03 1.16191E-08 1.04393E-05
    55     2 1.63048E+00 9.07911E-05 3.25258E-05 0.00000E+00 1.33668E-05
 0.00000E+00 0.00000E+00 5.80944E-03 1.40818E-06
    55     3 1.59958E+00 8.37342E-04 1.66232E-04 0.00000E+00 6.82374E-05
 0.00000E+00 0.00000E+00 0.00000E+00 9.11615E-03
    55     4 1.49486E+00 1.27742E-03 1.86426E-03 0.00000E+00 7.65076E-04
 0.00000E+00 0.00000E+00 0.00000E+00 0.00000E+00
    56     1 2.82476E+00 2.62234E-05 2.16786E-05 0.00000E+00 8.08839E-06
 0.00000E+00 8.93603E-03 1.16191E-08 1.04393E-05
    56     2 1.63048E+00 9.07911E-05 3.25258E-05 0.00000E+00 1.33668E-05
 0.00000E+00 0.00000E+00 5.80944E-03 1.40818E-06
    56     3 1.59958E+00 8.37342E-04 1.66232E-04 0.00000E+00 6.82374E-05
 0.00000E+00 0.00000E+00 0.00000E+00 9.11615E-03
    56     4 1.49486E+00 1.27742E-03 1.86426E-03 0.00000E+00 7.65076E-04
 0.00000E+00 0.00000E+00 0.00000E+00 0.00000E+00
    57     1 2.82476E+00 2.62234E-05 2.16786E-05 0.00000E+00 8.08839E-06
 0.00000E+00 8.93603E-03 1.16191E-08 1.04393E-05
    57     2 1.63048E+00 9.07911E-05 3.25258E-05 0.00000E+00 1.33668E-05
 0.00000E+00 0.00000E+00 5.80944E-03 1.40818E-06
    57     3 1.59958E+00 8.37342E-04 1.66232E-04 0.00000E+00 6.82374E-05
 0.00000E+00 0.00000E+00 0.00000E+00 9.11615E-03
    57     4 1.49486E+00 1.27742E-03 1.86426E-03 0.00000E+00 7.65076E-04
 0.00000E+00 0.00000E+00 0.00000E+00 0.00000E+00
    58     1 2.82476E+00 2.62234E-05 2.16786E-05 0.00000E+00 8.08839E-06
 0.00000E+00 8.93603E-03 1.16191E-08 1.04393E-05
    58     2 1.63048E+00 9.07911E-05 3.25258E-05 0.00000E+00 1.33668E-05
 0.00000E+00 0.00000E+00 5.80944E-03 1.40818E-06
    58     3 1.59958E+00 8.37342E-04 1.66232E-04 0.00000E+00 6.82374E-05
 0.00000E+00 0.00000E+00 0.00000E+00 9.11615E-03
    58     4 1.49486E+00 1.27742E-03 1.86426E-03 0.00000E+00 7.65076E-04
 0.00000E+00 0.00000E+00 0.00000E+00 0.00000E+00
    59     1 2.82476E+00 2.62234E-05 2.16786E-05 0.00000E+00 8.08839E-06
 0.00000E+00 8.93603E-03 1.16191E-08 1.04393E-05
    59     2 1.63048E+00 9.07911E-05 3.25258E-05 0.00000E+00 1.33668E-05
 0.00000E+00 0.00000E+00 5.80944E-03 1.40818E-06
    59     3 1.59958E+00 8.37342E-04 1.66232E-04 0.00000E+00 6.82374E-05
 0.00000E+00 0.00000E+00 0.00000E+00 9.11615E-03
    59     4 1.49486E+00 1.27742E-03 1.86426E-03 0.00000E+00 7.65076E-04
 0.00000E+00 0.00000E+00 0.00000E+00 0.00000E+00
    60     1 2.82476E+00 2.62234E-05 2.16786E-05 0.00000E+00 8.08839E-06
 0.00000E+00 8.93603E-03 1.16191E-08 1.04393E-05
    60     2 1.63048E+00 9.07911E-05 3.25258E-05 0.00000E+00 1.33668E-05
 0.00000E+00 0.00000E+00 5.80944E-03 1.40818E-06
    60     3 1.59958E+00 8.37342E-04 1.66232E-04 0.00000E+00 6.82374E-05
 0.00000E+00 0.00000E+00 0.00000E+00 9.11615E-03
    60     4 1.49486E+00 1.27742E-03 1.86426E-03 0.00000E+00 7.65076E-04
 0.00000E+00 0.00000E+00 0.00000E+00 0.00000E+00
    61     1 2.82476E+00 2.62234E-05 2.16786E-05 0.00000E+00 8.08839E-06
 0.00000E+00 8.93603E-03 1.16191E-08 1.04393E-05
    61     2 1.63048E+00 9.07911E-05 3.25258E-05 0.00000E+00 1.33668E-05
 0.00000E+00 0.00000E+00 5.80944E-03 1.40818E-06
    61     3 1.59958E+00 8.37342E-04 1.66232E-04 0.00000E+00 6.82374E-05
 0.00000E+00 0.00000E+00 0.00000E+00 9.11615E-03
    61     4 1.49486E+00 1.27745E-03 1.86430E-03 0.00000E+00 7.65093E-04
 0.00000E+00 0.00000E+00 0.00000E+00 0.00000E+00
    62     1 2.82476E+00 2.62234E-05 2.16786E-05 0.00000E+00 8.08839E-06
 0.00000E+00 8.93603E-03 1.16191E-08 1.04393E-05
    62     2 1.63048E+00 9.07911E-05 3.25258E-05 0.00000E+00 1.33668E-05
 0.00000E+00 0.00000E+00 5.80944E-03 1.40818E-06
    62     3 1.59958E+00 8.37342E-04 1.66232E-04 0.00000E+00 6.82374E-05
 0.00000E+00 0.00000E+00 0.00000E+00 9.11615E-03
    62     4 1.49486E+00 1.27745E-03 1.86430E-03 0.00000E+00 7.65093E-04
 0.00000E+00 0.00000E+00 0.00000E+00 0.00000E+00
    63     1 2.82476E+00 2.62234E-05 2.16786E-05 0.00000E+00 8.08839E-06
 0.00000E+00 8.93603E-03 1.16191E-08 1.04393E-05
    63     2 1.63048E+00 9.07911E-05 3.25258E-05 0.00000E+00 1.33668E-05
 0.00000E+00 0.00000E+00 5.80944E-03 1.40818E-06
    63     3 1.59958E+00 8.37342E-04 1.66232E-04 0.00000E+00 6.82374E-05
 0.00000E+00 0.00000E+00 0.00000E+00 9.11615E-03
    63     4 1.49486E+00 1.27745E-03 1.86430E-03 0.00000E+00 7.65093E-04
 0.00000E+00 0.00000E+00 0.00000E+00 0.00000E+00
    64     1 2.82476E+00 2.62234E-05 2.16786E-05 0.00000E+00 8.08839E-06
 0.00000E+00 8.93603E-03 1.16191E-08 1.04393E-05
    64     2 1.63048E+00 9.07911E-05 3.25258E-05 0.00000E+00 1.33668E-05
 0.00000E+00 0.00000E+00 5.80944E-03 1.40818E-06
    64     3 1.59958E+00 8.37342E-04 1.66232E-04 0.00000E+00 6.82374E-05
 0.00000E+00 0.00000E+00 0.00000E+00 9.11615E-03
    64     4 1.49486E+00 1.27745E-03 1.86430E-03 0.00000E+00 7.65093E-04
 0.00000E+00 0.00000E+00 0.00000E+00 0.00000E+00
    65     1 2.82476E+00 2.62234E-05 2.16786E-05 0.00000E+00 8.08839E-06
 0.00000E+00 8.93603E-03 1.16191E-08 1.04393E-05
    65     2 1.63048E+00 9.07911E-05 3.25258E-05 0.00000E+00 1.33668E-05
 0.00000E+00 0.00000E+00 5.80944E-03 1.40818E-06
    65     3 1.59958E+00 8.37342E-04 1.66232E-04 0.00000E+00 6.82374E-05
 0.00000E+00 0.00000E+00 0.00000E+00 9.11615E-03
    65     4 1.49486E+00 1.27745E-03 1.86430E-03 0.00000E+00 7.65093E-04
 0.00000E+00 0.00000E+00 0.00000E+00 0.00000E+00
    66     1 2.82476E+00 2.62234E-05 2.16786E-05 0.00000E+00 8.08839E-06
 0.00000E+00 8.93603E-03 1.16191E-08 1.04393E-05
    66     2 1.63048E+00 9.07911E-05 3.25258E-05 0.00000E+00 1.33668E-05
 0.00000E+00 0.00000E+00 5.80944E-03 1.40818E-06
    66     3 1.59958E+00 8.37342E-04 1.66232E-04 0.00000E+00 6.82374E-05
 0.00000E+00 0.00000E+00 0.00000E+00 9.11615E-03
    66     4 1.49486E+00 1.27745E-03 1.86430E-03 0.00000E+00 7.65093E-04
 0.00000E+00 0.00000E+00 0.00000E+00 0.00000E+00
    67     1 2.82476E+00 2.62234E-05 2.16786E-05 0.00000E+00 8.08839E-06
 0.00000E+00 8.93603E-03 1.16191E-08 1.04393E-05
    67     2 1.63048E+00 9.07911E-05 3.25258E-05 0.00000E+00 1.33668E-05
 0.00000E+00 0.00000E+00 5.80944E-03 1.40818E-06
    67     3 1.59958E+00 8.37342E-04 1.66232E-04 0.00000E+00 6.82374E-05
 0.00000E+00 0.00000E+00 0.00000E+00 9.11615E-03
    67     4 1.49486E+00 1.27745E-03 1.86430E-03 0.00000E+00 7.65093E-04
 0.00000E+00 0.00000E+00 0.00000E+00 0.00000E+00
    68     1 2.82476E+00 2.62234E-05 2.16786E-05 0.00000E+00 8.08839E-06
 0.00000E+00 8.93603E-03 1.16191E-08 1.04393E-05
    68     2 1.63048E+00 9.07911E-05 3.25258E-05 0.00000E+00 1.33668E-05
 0.00000E+00 0.00000E+00 5.80944E-03 1.40818E-06
    68     3 1.59958E+00 8.37342E-04 1.66232E-04 0.00000E+00 6.82374E-05
 0.00000E+00 0.00000E+00 0.00000E+00 9.11615E-03
    68     4 1.49486E+00 1.27745E-03 1.86430E-03 0.00000E+00 7.65093E-04
 0.00000E+00 0.00000E+00 0.00000E+00 0.00000E+00
    69     1 2.82476E+00 2.62234E-05 2.16786E-05 0.00000E+00 8.08839E-06
 0.00000E+00 8.93603E-03 1.16191E-08 1.04393E-05
    69     2 1.63048E+00 9.07911E-05 3.25258E-05 0.00000E+00 1.33668E-05
 0.00000E+00 0.00000E+00 5.80944E-03 1.40818E-06
    69     3 1.59958E+00 8.37342E-04 1.66232E-04 0.00000E+00 6.82374E-05
 0.00000E+00 0.00000E+00 0.00000E+00 9.11615E-03
    69     4 1.49486E+00 1.27745E-03 1.86430E-03 0.00000E+00 7.65093E-04
 0.00000E+00 0.00000E+00 0.00000E+00 0.00000E+00
    70     1 2.82476E+00 2.62234E-05 2.16786E-05 0.00000E+00 8.08839E-06
 0.00000E+00 8.93603E-03 1.16191E-08 1.04393E-05
    70     2 1.63048E+00 9.07911E-05 3.25258E-05 0.00000E+00 1.33668E-05
 0.00000E+00 0.00000E+00 5.80944E-03 1.40818E-06
    70     3 1.59958E+00 8.37342E-04 1.66232E-04 0.00000E+00 6.82374E-05
 0.00000E+00 0.00000E+00 0.00000E+00 9.11615E-03
    70     4 1.49486E+00 1.27745E-03 1.86430E-03 0.00000E+00 7.65093E-04
 0.00000E+00 0.00000E+00 0.00000E+00 0.00000E+00
    71     1 2.82476E+00 2.62234E-05 2.16786E-05 0.00000E+00 8.08839E-06
 0.00000E+00 8.93603E-03 1.16191E-08 1.04393E-05
    71     2 1.63048E+00 9.07911E-05 3.25258E-05 0.00000E+00 1.33668E-05
 0.00000E+00 0.00000E+00 5.80944E-03 1.40818E-06
    71     3 1.59958E+00 8.37342E-04 1.66232E-04 0.00000E+00 6.82374E-05
 0.00000E+00 0.00000E+00 0.00000E+00 9.11615E-03
    71     4 1.49486E+00 1.27745E-03 1.86430E-03 0.00000E+00 7.65093E-04
 0.00000E+00 0.00000E+00 0.00000E+00 0.00000E+00
    72     1 2.82476E+00 2.62234E-05 2.16786E-05 0.00000E+00 8.08839E-06
 0.00000E+00 8.93603E-03 1.16191E-08 1.04393E-05
    72     2 1.63048E+00 9.07911E-05 3.25258E-05 0.00000E+00 1.33668E-05
 0.00000E+00 0.00000E+00 5.80944E-03 1.40818E-06
    72     3 1.59958E+00 8.37342E-04 1.66232E-04 0.00000E+00 6.82374E-05
 0.00000E+00 0.00000E+00 0.00000E+00 9.11615E-03
    72     4 1.49486E+00 1.27745E-03 1.86430E-03 0.00000E+00 7.65093E-04
 0.00000E+00 0.00000E+00 0.00000E+00 0.00000E+00
    73     1 2.82476E+00 2.62234E-05 2.16786E-05 0.00000E+00 8.08839E-06
 0.00000E+00 8.93603E-03 1.16191E-08 1.04393E-05
    73     2 1.63048E+00 9.07911E-05 3.25258E-05 0.00000E+00 1.33668E-05
 0.00000E+00 0.00000E+00 5.80944E-03 1.40818E-06
    73     3 1.59958E+00 8.37342E-04 1.66232E-04 0.00000E+00 6.82374E-05
 0.00000E+00 0.00000E+00 0.00000E+00 9.11615E-03
    73     4 1.49486E+00 1.27745E-03 1.86430E-03 0.00000E+00 7.65093E-04
 0.00000E+00 0.00000E+00 0.00000E+00 0.00000E+00
    74     1 2.82476E+00 2.62234E-05 2.16786E-05 0.00000E+00 8.08839E-06
 0.00000E+00 8.93603E-03 1.16191E-08 1.04393E-05
    74     2 1.63048E+00 9.07911E-05 3.25258E-05 0.00000E+00 1.33668E-05
 0.00000E+00 0.00000E+00 5.80944E-03 1.40818E-06
    74     3 1.59958E+00 8.37342E-04 1.66232E-04 0.00000E+00 6.82374E-05
 0.00000E+00 0.00000E+00 0.00000E+00 9.11615E-03
    74     4 1.49486E+00 1.27745E-03 1.86430E-03 0.00000E+00 7.65093E-04
 0.00000E+00 0.00000E+00 0.00000E+00 0.00000E+00
    75     1 2.82476E+00 2.62234E-05 2.16786E-05 0.00000E+00 8.08839E-06
 0.00000E+00 8.93603E-03 1.16191E-08 1.04393E-05
    75     2 1.63048E+00 9.07911E-05 3.25258E-05 0.00000E+00 1.33668E-05
 0.00000E+00 0.00000E+00 5.80944E-03 1.40818E-06
    75     3 1.59958E+00 8.37342E-04 1.66232E-04 0.00000E+00 6.82374E-05
 0.00000E+00 0.00000E+00 0.00000E+00 9.11615E-03
    75     4 1.49486E+00 1.27745E-03 1.86430E-03 0.00000E+00 7.65093E-04
 0.00000E+00 0.00000E+00 0.00000E+00 0.00000E+00
    76     1 2.82476E+00 2.62234E-05 2.16786E-05 0.00000E+00 8.08839E-06
 0.00000E+00 8.93603E-03 1.16191E-08 1.04393E-05
    76     2 1.63048E+00 9.07911E-05 3.25258E-05 0.00000E+00 1.33668E-05
 0.00000E+00 0.00000E+00 5.80944E-03 1.40818E-06
    76     3 1.59958E+00 8.37342E-04 1.66232E-04 0.00000E+00 6.82374E-05
 0.00000E+00 0.00000E+00 0.00000E+00 9.11615E-03
    76     4 1.49486E+00 1.27745E-03 1.86430E-03 0.00000E+00 7.65093E-04
 0.00000E+00 0.00000E+00 0.00000E+00 0.00000E+00
    77     1 2.82476E+00 2.62234E-05 2.16786E-05 0.00000E+00 8.08839E-06
 0.00000E+00 8.93603E-03 1.16191E-08 1.04393E-05
    77     2 1.63048E+00 9.07911E-05 3.25258E-05 0.00000E+00 1.33668E-05
 0.00000E+00 0.00000E+00 5.80944E-03 1.40818E-06
    77     3 1.59958E+00 8.37342E-04 1.66232E-04 0.00000E+00 6.82374E-05
 0.00000E+00 0.00000E+00 0.00000E+00 9.11615E-03
    77     4 1.49486E+00 1.27745E-03 1.86430E-03 0.00000E+00 7.65093E-04
 0.00000E+00 0.00000E+00 0.00000E+00 0.00000E+00
    78     1 2.82476E+00 2.62234E-05 2.16786E-05 0.00000E+00 8.08839E-06
 0.00000E+00 8.93603E-03 1.16191E-08 1.04393E-05
    78     2 1.63048E+00 9.07911E-05 3.25258E-05 0.00000E+00 1.33668E-05
 0.00000E+00 0.00000E+00 5.80944E-03 1.40818E-06
    78     3 1.59958E+00 8.37342E-04 1.66232E-04 0.00000E+00 6.82374E-05
 0.00000E+00 0.00000E+00 0.00000E+00 9.11615E-03
    78     4 1.49486E+00 1.27745E-03 1.86430E-03 0.00000E+00 7.65093E-04
 0.00000E+00 0.00000E+00 0.00000E+00 0.00000E+00
    79     1 2.82476E+00 2.62234E-05 2.16786E-05 0.00000E+00 8.08839E-06
 0.00000E+00 8.93603E-03 1.16191E-08 1.04393E-05
    79     2 1.63048E+00 9.07911E-05 3.25258E-05 0.00000E+00 1.33668E-05
 0.00000E+00 0.00000E+00 5.80944E-03 1.40818E-06
    79     3 1.59958E+00 8.37342E-04 1.66232E-04 0.00000E+00 6.82374E-05
 0.00000E+00 0.00000E+00 0.00000E+00 9.11615E-03
    79     4 1.49486E+00 1.27745E-03 1.86430E-03 0.00000E+00 7.65093E-04
 0.00000E+00 0.00000E+00 0.00000E+00 0.00000E+00
    80     1 2.82476E+00 2.62234E-05 2.16786E-05 0.00000E+00 8.08839E-06
 0.00000E+00 8.93603E-03 1.16191E-08 1.04393E-05
    80     2 1.63048E+00 9.07911E-05 3.25258E-05 0.00000E+00 1.33668E-05
 0.00000E+00 0.00000E+00 5.80944E-03 1.40818E-06
    80     3 1.59958E+00 8.37342E-04 1.66232E-04 0.00000E+00 6.82374E-05
 0.00000E+00 0.00000E+00 0.00000E+00 9.11615E-03
    80     4 1.49486E+00 1.27745E-03 1.86430E-03 0.00000E+00 7.65093E-04
 0.00000E+00 0.00000E+00 0.00000E+00 0.00000E+00
    81     1 2.82476E+00 2.62234E-05 2.16786E-05 0.00000E+00 8.08839E-06
 0.00000E+00 8.93603E-03 1.16191E-08 1.04393E-05
    81     2 1.63048E+00 9.07911E-05 3.25258E-05 0.00000E+00 1.33668E-05
 0.00000E+00 0.00000E+00 5.80944E-03 1.40818E-06
    81     3 1.59958E+00 8.37342E-04 1.66232E-04 0.00000E+00 6.82374E-05
 0.00000E+00 0.00000E+00 0.00000E+00 9.11615E-03
    81     4 1.49486E+00 1.27745E-03 1.86430E-03 0.00000E+00 7.65094E-04
 0.00000E+00 0.00000E+00 0.00000E+00 0.00000E+00
    82     1 2.82476E+00 2.62234E-05 2.16786E-05 0.00000E+00 8.08839E-06
 0.00000E+00 8.93603E-03 1.16191E-08 1.04393E-05
    82     2 1.63048E+00 9.07911E-05 3.25258E-05 0.00000E+00 1.33668E-05
 0.00000E+00 0.00000E+00 5.80944E-03 1.40818E-06
    82     3 1.59958E+00 8.37342E-04 1.66232E-04 0.00000E+00 6.82374E-05
 0.00000E+00 0.00000E+00 0.00000E+00 9.11615E-03
    82     4 1.49486E+00 1.27745E-03 1.86430E-03 0.00000E+00 7.65094E-04
 0.00000E+00 0.00000E+00 0.00000E+00 0.00000E+00
    83     1 2.82476E+00 2.62234E-05 2.16786E-05 0.00000E+00 8.08839E-06
 0.00000E+00 8.93603E-03 1.16191E-08 1.04393E-05
    83     2 1.63048E+00 9.07911E-05 3.25258E-05 0.00000E+00 1.33668E-05
 0.00000E+00 0.00000E+00 5.80944E-03 1.40818E-06
    83     3 1.59958E+00 8.37342E-04 1.66232E-04 0.00000E+00 6.82374E-05
 0.00000E+00 0.00000E+00 0.00000E+00 9.11615E-03
    83     4 1.49486E+00 1.27745E-03 1.86430E-03 0.00000E+00 7.65094E-04
 0.00000E+00 0.00000E+00 0.00000E+00 0.00000E+00
    84     1 2.82476E+00 2.62234E-05 2.16786E-05 0.00000E+00 8.08839E-06
 0.00000E+00 8.93603E-03 1.16191E-08 1.04393E-05
    84     2 1.63048E+00 9.07911E-05 3.25258E-05 0.00000E+00 1.33668E-05
 0.00000E+00 0.00000E+00 5.80944E-03 1.40818E-06
    84     3 1.59958E+00 8.37342E-04 1.66232E-04 0.00000E+00 6.82374E-05
 0.00000E+00 0.00000E+00 0.00000E+00 9.11615E-03
    84     4 1.49486E+00 1.27745E-03 1.86430E-03 0.00000E+00 7.65094E-04
 0.00000E+00 0.00000E+00 0.00000E+00 0.00000E+00
    85     1 2.82476E+00 2.62234E-05 2.16786E-05 0.00000E+00 8.08839E-06
 0.00000E+00 8.93603E-03 1.16191E-08 1.04393E-05
    85     2 1.63048E+00 9.07911E-05 3.25258E-05 0.00000E+00 1.33668E-05
 0.00000E+00 0.00000E+00 5.80944E-03 1.40818E-06
    85     3 1.59958E+00 8.37342E-04 1.66232E-04 0.00000E+00 6.82374E-05
 0.00000E+00 0.00000E+00 0.00000E+00 9.11615E-03
    85     4 1.49486E+00 1.27745E-03 1.86430E-03 0.00000E+00 7.65094E-04
 0.00000E+00 0.00000E+00 0.00000E+00 0.00000E+00
    86     1 2.82476E+00 2.62234E-05 2.16786E-05 0.00000E+00 8.08839E-06
 0.00000E+00 8.93603E-03 1.16191E-08 1.04393E-05
    86     2 1.63048E+00 9.07911E-05 3.25258E-05 0.00000E+00 1.33668E-05
 0.00000E+00 0.00000E+00 5.80944E-03 1.40818E-06
    86     3 1.59958E+00 8.37342E-04 1.66232E-04 0.00000E+00 6.82374E-05
 0.00000E+00 0.00000E+00 0.00000E+00 9.11615E-03
    86     4 1.49486E+00 1.27745E-03 1.86430E-03 0.00000E+00 7.65094E-04
 0.00000E+00 0.00000E+00 0.00000E+00 0.00000E+00
    87     1 2.82476E+00 2.62234E-05 2.16786E-05 0.00000E+00 8.08839E-06
 0.00000E+00 8.93603E-03 1.16191E-08 1.04393E-05
    87     2 1.63048E+00 9.07911E-05 3.25258E-05 0.00000E+00 1.33668E-05
 0.00000E+00 0.00000E+00 5.80944E-03 1.40818E-06
    87     3 1.59958E+00 8.37342E-04 1.66232E-04 0.00000E+00 6.82374E-05
 0.00000E+00 0.00000E+00 0.00000E+00 9.11615E-03
    87     4 1.49486E+00 1.27745E-03 1.86430E-03 0.00000E+00 7.65094E-04
 0.00000E+00 0.00000E+00 0.00000E+00 0.00000E+00
    88     1 2.82476E+00 2.62234E-05 2.16786E-05 0.00000E+00 8.08839E-06
 0.00000E+00 8.93603E-03 1.16191E-08 1.04393E-05
    88     2 1.63048E+00 9.07911E-05 3.25258E-05 0.00000E+00 1.33668E-05
 0.00000E+00 0.00000E+00 5.80944E-03 1.40818E-06
    88     3 1.59958E+00 8.37342E-04 1.66232E-04 0.00000E+00 6.82374E-05
 0.00000E+00 0.00000E+00 0.00000E+00 9.11615E-03
    88     4 1.49486E+00 1.27745E-03 1.86430E-03 0.00000E+00 7.65094E-04
 0.00000E+00 0.00000E+00 0.00000E+00 0.00000E+00
    89     1 2.82476E+00 2.62234E-05 2.16786E-05 0.00000E+00 8.08839E-06
 0.00000E+00 8.93603E-03 1.16191E-08 1.04393E-05
    89     2 1.63048E+00 9.07911E-05 3.25258E-05 0.00000E+00 1.33668E-05
 0.00000E+00 0.00000E+00 5.80944E-03 1.40818E-06
    89     3 1.59958E+00 8.37342E-04 1.66232E-04 0.00000E+00 6.82374E-05
 0.00000E+00 0.00000E+00 0.00000E+00 9.11615E-03
    89     4 1.49486E+00 1.27745E-03 1.86430E-03 0.00000E+00 7.65094E-04
 0.00000E+00 0.00000E+00 0.00000E+00 0.00000E+00
    90     1 2.82476E+00 2.62234E-05 2.16786E-05 0.00000E+00 8.08839E-06
 0.00000E+00 8.93603E-03 1.16191E-08 1.04393E-05
    90     2 1.63048E+00 9.07911E-05 3.25258E-05 0.00000E+00 1.33668E-05
 0.00000E+00 0.00000E+00 5.80944E-03 1.40818E-06
    90     3 1.59958E+00 8.37342E-04 1.66232E-04 0.00000E+00 6.82374E-05
 0.00000E+00 0.00000E+00 0.00000E+00 9.11615E-03
    90     4 1.49486E+00 1.27745E-03 1.86430E-03 0.00000E+00 7.65094E-04
 0.00000E+00 0.00000E+00 0.00000E+00 0.00000E+00
    91     1 2.82476E+00 2.62234E-05 2.16786E-05 0.00000E+00 8.08839E-06
 0.00000E+00 8.93603E-03 1.16191E-08 1.04393E-05
    91     2 1.63048E+00 9.07911E-05 3.25258E-05 0.00000E+00 1.33668E-05
 0.00000E+00 0.00000E+00 5.80944E-03 1.40818E-06
    91     3 1.59958E+00 8.37342E-04 1.66232E-04 0.00000E+00 6.82374E-05
 0.00000E+00 0.00000E+00 0.00000E+00 9.11615E-03
    91     4 1.49486E+00 1.27745E-03 1.86430E-03 0.00000E+00 7.65094E-04
 0.00000E+00 0.00000E+00 0.00000E+00 0.00000E+00
    92     1 2.82476E+00 2.62234E-05 2.16786E-05 0.00000E+00 8.08839E-06
 0.00000E+00 8.93603E-03 1.16191E-08 1.04393E-05
    92     2 1.63048E+00 9.07911E-05 3.25258E-05 0.00000E+00 1.33668E-05
 0.00000E+00 0.00000E+00 5.80944E-03 1.40818E-06
    92     3 1.59958E+00 8.37342E-04 1.66232E-04 0.00000E+00 6.82374E-05
 0.00000E+00 0.00000E+00 0.00000E+00 9.11615E-03
    92     4 1.49486E+00 1.27745E-03 1.86430E-03 0.00000E+00 7.65094E-04
 0.00000E+00 0.00000E+00 0.00000E+00 0.00000E+00
    93     1 2.82476E+00 2.62234E-05 2.16786E-05 0.00000E+00 8.08839E-06
 0.00000E+00 8.93603E-03 1.16191E-08 1.04393E-05
    93     2 1.63048E+00 9.07911E-05 3.25258E-05 0.00000E+00 1.33668E-05
 0.00000E+00 0.00000E+00 5.80944E-03 1.40818E-06
    93     3 1.59958E+00 8.37342E-04 1.66232E-04 0.00000E+00 6.82374E-05
 0.00000E+00 0.00000E+00 0.00000E+00 9.11615E-03
    93     4 1.49486E+00 1.27745E-03 1.86430E-03 0.00000E+00 7.65094E-04
 0.00000E+00 0.00000E+00 0.00000E+00 0.00000E+00
    94     1 2.82476E+00 2.62234E-05 2.16786E-05 0.00000E+00 8.08839E-06
 0.00000E+00 8.93603E-03 1.16191E-08 1.04393E-05
    94     2 1.63048E+00 9.07911E-05 3.25258E-05 0.00000E+00 1.33668E-05
 0.00000E+00 0.00000E+00 5.80944E-03 1.40818E-06
    94     3 1.59958E+00 8.37342E-04 1.66232E-04 0.00000E+00 6.82374E-05
 0.00000E+00 0.00000E+00 0.00000E+00 9.11615E-03
    94     4 1.49486E+00 1.27745E-03 1.86430E-03 0.00000E+00 7.65094E-04
 0.00000E+00 0.00000E+00 0.00000E+00 0.00000E+00
    95     1 2.82476E+00 2.62234E-05 2.16786E-05 0.00000E+00 8.08839E-06
 0.00000E+00 8.93603E-03 1.16191E-08 1.04393E-05
    95     2 1.63048E+00 9.07911E-05 3.25258E-05 0.00000E+00 1.33668E-05
 0.00000E+00 0.00000E+00 5.80944E-03 1.40818E-06
    95     3 1.59958E+00 8.37342E-04 1.66232E-04 0.00000E+00 6.82374E-05
 0.00000E+00 0.00000E+00 0.00000E+00 9.11615E-03
    95     4 1.49486E+00 1.27745E-03 1.86430E-03 0.00000E+00 7.65094E-04
 0.00000E+00 0.00000E+00 0.00000E+00 0.00000E+00
    96     1 2.82476E+00 2.62234E-05 2.16786E-05 0.00000E+00 8.08839E-06
 0.00000E+00 8.93603E-03 1.16191E-08 1.04393E-05
    96     2 1.63048E+00 9.07911E-05 3.25258E-05 0.00000E+00 1.33668E-05
 0.00000E+00 0.00000E+00 5.80944E-03 1.40818E-06
    96     3 1.59958E+00 8.37342E-04 1.66232E-04 0.00000E+00 6.82374E-05
 0.00000E+00 0.00000E+00 0.00000E+00 9.11615E-03
    96     4 1.49486E+00 1.27745E-03 1.86430E-03 0.00000E+00 7.65094E-04
 0.00000E+00 0.00000E+00 0.00000E+00 0.00000E+00
    97     1 2.82476E+00 2.62234E-05 2.16786E-05 0.00000E+00 8.08839E-06
 0.00000E+00 8.93603E-03 1.16191E-08 1.04393E-05
    97     2 1.63048E+00 9.07911E-05 3.25258E-05 0.00000E+00 1.33668E-05
 0.00000E+00 0.00000E+00 5.80944E-03 1.40818E-06
    97     3 1.59958E+00 8.37342E-04 1.66232E-04 0.00000E+00 6.82374E-05
 0.00000E+00 0.00000E+00 0.00000E+00 9.11615E-03
    97     4 1.49486E+00 1.27745E-03 1.86430E-03 0.00000E+00 7.65094E-04
 0.00000E+00 0.00000E+00 0.00000E+00 0.00000E+00
    98     1 2.82476E+00 2.62234E-05 2.16786E-05 0.00000E+00 8.08839E-06
 0.00000E+00 8.93603E-03 1.16191E-08 1.04393E-05
    98     2 1.63048E+00 9.07911E-05 3.25258E-05 0.00000E+00 1.33668E-05
 0.00000E+00 0.00000E+00 5.80944E-03 1.40818E-06
    98     3 1.59958E+00 8.37342E-04 1.66232E-04 0.00000E+00 6.82374E-05
 0.00000E+00 0.00000E+00 0.00000E+00 9.11615E-03
    98     4 1.49486E+00 1.27745E-03 1.86430E-03 0.00000E+00 7.65094E-04
 0.00000E+00 0.00000E+00 0.00000E+00 0.00000E+00
    99     1 2.82476E+00 2.62234E-05 2.16786E-05 0.00000E+00 8.08839E-06
 0.00000E+00 8.93603E-03 1.16191E-08 1.04393E-05
    99     2 1.63048E+00 9.07911E-05 3.25258E-05 0.00000E+00 1.33668E-05
 0.00000E+00 0.00000E+00 5.80944E-03 1.40818E-06
    99     3 1.59958E+00 8.37342E-04 1.66232E-04 0.00000E+00 6.82374E-05
 0.00000E+00 0.00000E+00 0.00000E+00 9.11615E-03
    99     4 1.49486E+00 1.27745E-03 1.86430E-03 0.00000E+00 7.65094E-04
 0.00000E+00 0.00000E+00 0.00000E+00 0.00000E+00
   100     1 2.82476E+00 2.62234E-05 2.16786E-05 0.00000E+00 8.08839E-06
 0.00000E+00 8.93603E-03 1.16191E-08 1.04393E-05
   100     2 1.63048E+00 9.07911E-05 3.25258E-05 0.00000E+00 1.33668E-05
 0.00000E+00 0.00000E+00 5.80944E-03 1.40818E-06
   100     3 1.59958E+00 8.37342E-04 1.66232E-04 0.00000E+00 6.82374E-05
 0.00000E+00 0.00000E+00 0.00000E+00 9.11615E-03
   100     4 1.49486E+00 1.27745E-03 1.86430E-03 0.00000E+00 7.65094E-04
 0.00000E+00 0.00000E+00 0.00000E+00 0.00000E+00
   101     1 1.57678E+00 2.17185E-05 0.00000E+00 0.00000E+00 0.00000E+00
 0.00000E+00 1.48745E-02 2.09418E-09 1.00877E-08
   101     2 8.46984E-01 1.31155E-06 0.00000E+00 0.00000E+00 0.00000E+00
 0.00000E+00 0.00000E+00 9.80419E-03 0.00000E+00
   101     3 8.33618E-01 1.63514E-05 0.00000E+00 0.00000E+00 0.00000E+00
 0.00000E+00 0.00000E+00 0.00000E+00 1.58418E-02
   101     4 7.56321E-01 2.81445E-04 0.00000E+00 0.00000E+00 0.00000E+00
 0.00000E+00 0.00000E+00 0.00000E+00 0.00000E+00
     0     0 0.00000E+00 0.00000E+00 0.00000E+00 0.00000E+00 0.00000E+00
 0.98583E+00 0.14165E-01 0.55067E-06 0.00000E+00
999
